GC,PGC,OSNs,M/TC
0.23630831723028092,0.42266999605089556,0.1293608017703959,0.21166088494842758
0.18964448328959638,0.20082528176832173,0.22236284976241966,0.3871673851796623
0.20828577633716913,0.21377388508141615,0.35077606302290737,0.2271642755585073
0.20454871911474032,0.21237705503342635,0.16635175976945527,0.416722466082378
0.23109937485464954,0.4242168310564801,0.14727204237892452,0.19741175170994593
0.20136946914853876,0.22688026401831224,0.1679496062173273,0.40380066061582165
0.39243865975830583,0.2074441025143214,0.1741458064608898,0.2259714312664829
0.20324716413926422,0.21510316792832979,0.17081585048218312,0.410833817450223
0.2221400276954439,0.42877404386977597,0.15812826992960094,0.1909576585051792
0.19978408222236568,0.19049374263721627,0.36292399337265563,0.24679818176776233
0.20210394210510033,0.19544401129999628,0.37154279318571326,0.23090925340919025
0.20017709202990924,0.19024586467400612,0.3749138036217073,0.23466323967437738
0.19828430270305278,0.19650652041401764,0.36950216530316865,0.2357070115797608
0.20558731161824162,0.20651533410351733,0.35756945277781865,0.23032790150042243
0.2123996641520728,0.4161153424700683,0.16228619336564684,0.209198800012212
0.20324108440036137,0.20299872235904415,0.1689693759387119,0.4247908173018826
0.3944830259550891,0.22214584239181623,0.16423529824289132,0.2191358334102033
0.3991779829890324,0.20702523187681177,0.16448614300518738,0.22931064212896837
0.4061536814526571,0.216307548299956,0.15791545474244542,0.21962331550494155
0.4037214362489446,0.22564062973102716,0.15160373650335826,0.21903419751667003
0.24494649912040928,0.22272706136952067,0.3090707202458275,0.2232557192642425
0.2570445702673807,0.22906327000251736,0.29092776932713266,0.22296439040296923
0.39105728176073473,0.22834649225956502,0.15095301304086575,0.22964321293883447
0.40101756164046287,0.22238390595560656,0.16190461481553112,0.21469391758839937
0.22776947690654784,0.41829088812227233,0.15039904759840161,0.20354058737277828
0.20039217955446426,0.20160672962321105,0.1638841675334841,0.43411692328884044
0.20987355834263322,0.2253309482083404,0.14818093321683648,0.41661456023218985
0.208768316037068,0.21536362872376855,0.15973674720109457,0.41613130803806886
0.20764751069581572,0.2159151347021373,0.15762824157721989,0.41880911302482715
0.21068489884905117,0.21553877099461738,0.14413963508144062,0.42963669507489083
0.40295342325165023,0.21942130528086998,0.15822225033586695,0.2194030211316128
0.4135609737923445,0.20644254789051947,0.14759641047000985,0.2324000678471262
0.4013550457391161,0.22414523494208627,0.157373876695856,0.2171258426229416
0.20125490632638435,0.21685049250946842,0.14594359918529426,0.435951001978853
0.41348656267429973,0.2183958229312284,0.1415682567265272,0.2265493576679446
0.2496959135624892,0.22897111328302167,0.29036689211441297,0.2309660810400761
0.407233451150488,0.23342318150548372,0.1418215047878547,0.21752186255617362
0.3983249419065684,0.23259213520028477,0.14563022839598547,0.22345269449716137
0.38606147905629584,0.26144724680324044,0.1440229788252134,0.2084682953152503
0.20264656202311396,0.2071798635256508,0.36116476146819043,0.22900881298304485
0.21173908275303888,0.22496567951409047,0.13606784567432606,0.42722739205854454
0.20554750344271902,0.19494328834764668,0.36431309473125967,0.23519611347837463
0.2084297110068219,0.21482542019131423,0.346851825694463,0.22989304310740077
0.2297564707178971,0.42755740810993176,0.14244950970812667,0.20023661146404448
0.18161311127490426,0.35038360010799074,0.2460333034892845,0.2219699851278206
0.1985143579986637,0.20547264235159457,0.372224995022022,0.22378800462771978
0.20326622414274945,0.20832690812594723,0.36271300628519143,0.2256938614461118
0.20071871509909886,0.20609326342011144,0.3582307363127374,0.23495728516805217
0.2087260727331965,0.21012668291738265,0.3573055383675327,0.22384170598188807
0.19984645096421247,0.2074631769592013,0.3640329118285061,0.2286574602480801
0.20531285838361218,0.20717847816125717,0.35593061248042257,0.23157805097470807
0.22176969705013974,0.4188330206942609,0.14741632905438576,0.21198095320121346
0.38097030311831365,0.2624777649872296,0.14525624799573467,0.21129568389872203
0.23074695972629647,0.42110790021305505,0.1404284692695711,0.20771667079107736
0.21068524287011844,0.20713237206986998,0.12010390128306413,0.46207848377694744
0.2275485585130047,0.22564531444476013,0.1305694292982197,0.4162366977440155
0.24179837781812072,0.41674965318906587,0.14026064506872613,0.2011913239240874
0.21128598146991545,0.2176288503212275,0.14428599215747365,0.4267991760513834
0.20943248867049113,0.19940974805697043,0.1533009782970085,0.43785678497553004
0.41935352222288624,0.21979048141042495,0.13476703170211338,0.22608896466457554
0.39887740434612606,0.22384401207554608,0.14549914072070513,0.23177944285762278
0.35841055643779207,0.19593265397821388,0.1452973937846693,0.3003593957993247
0.40383632043760953,0.2502678795698315,0.13233339603978375,0.21356240395277523
0.23395388097386555,0.42316784773194843,0.13587768214197213,0.207000589152214
0.39518647072454666,0.26971593397233246,0.13308242489345654,0.20201517040966435
0.21875240306617375,0.23066790929007885,0.15405765954707168,0.39652202809667564
0.23020111509351188,0.4375514553297974,0.13536022994962138,0.19688719962706946
0.23525248775288166,0.4355652802904179,0.1228673324745467,0.20631489948215379
0.410993611186422,0.2433945016776094,0.13215748483927062,0.21345440229669801
0.19603043668530146,0.3708659043599707,0.10384713707412926,0.3292565218805986
0.4116764311339545,0.23602656964310537,0.1311451074944529,0.22115189172848723
0.41424100508396816,0.2283244106555238,0.13629723895602186,0.22113734530448628
0.4115214114455447,0.25247174642034115,0.12826062071685226,0.20774622141726193
0.4103746162343568,0.2390749388467734,0.12932890142796966,0.2212215434909002
0.41693792722859324,0.2240366666997195,0.13564879779944045,0.22337660827224673
0.24324102930555905,0.40249056679235423,0.13229570841910493,0.2219726954829818
0.3940508527374555,0.2342778121385605,0.13788920907588986,0.23378212604809404
0.39992064037082864,0.24031181310222963,0.1431202816997127,0.21664726482722907
0.4194318859412123,0.21987772884228537,0.1358076823313129,0.2248827028851895
0.4074358237617469,0.21615817031757345,0.13805208066123556,0.23835392525944418
0.4110279168773853,0.22898619799583944,0.1391194189367506,0.22086646619002467
0.4230413988154332,0.2326506016968203,0.1277011901241528,0.21660680936359378
0.21085201573143622,0.20595708860647344,0.36036626573437736,0.222824629927713
0.19746157336255296,0.195132261874097,0.37554554096487114,0.23186062379847885
0.2089856054731738,0.2069745007565378,0.3447709598265715,0.23926893394371676
0.21901302993284288,0.21494871836375423,0.3426575006898108,0.22338075101359195
0.19581933981031968,0.2032945515577371,0.369839231060086,0.23104687757185735
0.3930397690061298,0.24863785459392862,0.1497334974427306,0.20858887895721093
0.2050166065704896,0.20299600124175107,0.36182654689480054,0.2301608452929587
0.2014776632998168,0.2132330923753016,0.3585195645735556,0.22676967975132592
0.2036022123370743,0.20258634262433126,0.3602324443792883,0.23357900065930617
0.2037643277079142,0.20496192673274677,0.36565863764000694,0.2256151079193321
0.20846183233298124,0.20785789038202265,0.35587921104501113,0.22780106623998508
0.1973089641208905,0.20471261334934351,0.16351284554715415,0.43446557698261185
0.18220441942200913,0.3587194447003846,0.1408225965099965,0.3182535393676097
0.3929675156684497,0.25986766041091364,0.14493664937163458,0.20222817454900205
0.22336915706964858,0.4277507267196249,0.15525376917031197,0.1936263470404146
0.19721639753240916,0.20243628960650448,0.18179215812527386,0.41855515473581256
0.2240880837932855,0.42033193506612565,0.15398858339466506,0.2015913977459237
0.18992903375752482,0.20530295868121562,0.1548014753700701,0.44996653219118943
0.394557701314697,0.2369602758070839,0.1510036731897599,0.21747834968845928
0.20464759571392088,0.21241194843022013,0.14526253788514645,0.4376779179707125
0.18294656878483867,0.36832103358402435,0.13873928751159156,0.3099931101195454
0.1984851708710839,0.20323378896166683,0.36379482806947394,0.23448621209777545
0.23026984774924503,0.41705775452844335,0.14140285003933395,0.2112695476829778
0.21543729679149665,0.21478855634364405,0.14229608526931994,0.4274780615955393
0.22869021742692547,0.4205832795025172,0.14085060892469192,0.20987589414586538
0.3893745464029354,0.2707421278139536,0.134595487855089,0.20528783792802205
0.21824681358417927,0.22239724903106328,0.1311157167189119,0.42824022066584555
0.19548338206931165,0.39315523848125533,0.12120945252302377,0.29015192692640934
0.20136520667727703,0.21498943333767306,0.13720873381606147,0.4464366261689883
0.3924192104514093,0.23057074098075417,0.15151764625566533,0.22549240231217127
0.41330141232017814,0.22546258395934365,0.135234561630531,0.22600144208994724
0.4025712300530258,0.23165790526610427,0.14710781352286267,0.21866305115800735
0.3961121074900564,0.21634710492230194,0.15624872518581534,0.2312920624018265
0.3981794482639196,0.2368907526162571,0.13659960753912895,0.22833019158069437
0.3975168542951662,0.2624956040683392,0.12984828270477752,0.21013925893171703
0.24036952725050362,0.4088529446884759,0.13327678024303427,0.21750074781798626
0.2171417001825522,0.21701870126978834,0.12296776427647875,0.4428718342711807
0.23247346427992122,0.4341054008350386,0.13693474688773705,0.1964863879973031
0.23088993245786568,0.4219736478006018,0.1399689624715063,0.20716745727002625
0.38973606161338614,0.2610905790810259,0.13581098423548998,0.21336237507009784
0.39509359355280116,0.215909314753124,0.1635548056653084,0.22544228602876631
0.40539891426068525,0.22032229201613865,0.1582117109654121,0.21606708275776396
0.25954085094899865,0.22822699930709575,0.2891499690939476,0.223082180649958
0.3940417003269684,0.20146727121965644,0.17379878476237828,0.23069224369099703
0.23747137361190787,0.3806795242862332,0.1724934155547386,0.20935568654712033
0.39045923140982164,0.21105893681440105,0.17008066082384726,0.22840117095193002
0.18291913518344619,0.3639083368541948,0.14479255911404074,0.3083799688483182
0.3909059876540144,0.26291412959483906,0.13701796960840643,0.20916191314274013
0.22632375865820817,0.43663897524655243,0.1428554995195252,0.194181766575714
0.19525758537862237,0.21222811859481797,0.15286852557466266,0.439645770451897
0.20706489762884486,0.23300760547569344,0.1387698236339812,0.42115767326148057
0.2242925268810445,0.41317688741195996,0.14825495940436967,0.2142756263026258
0.2309610382881144,0.42703084243586303,0.13390236946568387,0.2081057498103387
0.21447078380998308,0.22407588690334565,0.1333350905742989,0.42811823871237253
0.2344996688055847,0.4156073065255077,0.1368848824211051,0.2130081422478024
0.3604770075128726,0.18933546642374746,0.16399847026279818,0.2861890558005818
0.3991211762193756,0.22444715685331543,0.14767514671536006,0.22875652021194887
0.3972078327475571,0.23312224835176606,0.15330838656869844,0.21636153233197836
0.39634939508172723,0.2322387592322875,0.1512305373240578,0.2201813083619275
0.4077463596362156,0.22369729147138356,0.1562805943501412,0.21227575454225966
0.2139112944176419,0.21456772214310152,0.33763284698359786,0.2338881364556586
0.2109548170675483,0.21088487651153429,0.35144776226711916,0.22671254415379827
0.20742326709023526,0.20060405238823387,0.35201975341517494,0.23995292710635602
0.21377464025597542,0.22093101804024437,0.3348815445462253,0.23041279715755486
0.2076768514165966,0.21333491376499739,0.36138676363718397,0.21760147118122208
0.20073621116170814,0.19698242140159328,0.3613942212174012,0.24088714621929735
0.20475541489706336,0.2170493056943271,0.15694156910601045,0.42125371030259906
0.2081532467076856,0.23316007253786425,0.13284934002346435,0.4258373407309858
0.22640730443957796,0.41819925183655865,0.14232437965532238,0.21306906406854115
0.20852325824774803,0.215005903307214,0.1448291993727971,0.4316416390722408
0.38722345798775426,0.2683896860185861,0.13948997987524944,0.20489687611841018
0.394117129996988,0.2751262716981145,0.12742238743422082,0.20333421087067677
0.23955857641382644,0.41677130875101315,0.14502387370713596,0.1986462411280245
0.21740695447690406,0.22439921202317564,0.13675488465508034,0.42143894884484
0.2106612432131481,0.22810992428309626,0.1352361500063335,0.4259926824974221
0.2207672789752496,0.22053779862375936,0.34398664320712663,0.21470827919386443
0.20375724991617308,0.20763759934675172,0.34925866457559473,0.2393464861614805
0.20541053091691683,0.20472812016542943,0.3587462440131909,0.23111510490446302
0.2133235205775516,0.20283140866572197,0.3575412323265612,0.22630383843016538
0.21127142211131195,0.2116880772871,0.34127745081106675,0.2357630497905212
0.2492836977417384,0.4068756745932008,0.13354432921184392,0.2102962984532167
0.22873747698876015,0.218553845550165,0.31783397996934476,0.2348746974917301
0.2271470185623681,0.22327382833395482,0.3254778717257987,0.2241012813778785
0.2173795213471916,0.21837660227116007,0.12807101186224537,0.43617286451940307
0.38746734678891054,0.26590003140428475,0.14105273780925848,0.20557988399754626
0.21002989028863756,0.21920375321864594,0.1250727792598794,0.44569357723283715
0.22648376735937978,0.4626289314417328,0.11718968180972472,0.19369761938916275
0.21320230245674202,0.2121362864150529,0.13268752660567643,0.4419738845225288
0.2346738085938411,0.42285255562562024,0.13396162420116522,0.20851201157937357
0.24409541714116192,0.4345443840595904,0.11754586899770546,0.2038143298015421
0.21292157506141926,0.21771015935406424,0.3391858506010273,0.23018241498348918
0.24628028952392453,0.39095265594254824,0.13807806749204923,0.22468898704147808
0.4021235229158846,0.24364619422805095,0.1385292611349264,0.215701021721138
0.40190776632661546,0.2525773818664499,0.13682102977688412,0.20869382203005069
0.40637480275945337,0.24156140853104752,0.13374210387663935,0.21832168483285969
0.23622583616429568,0.4279212115832087,0.12964764940975002,0.20620530284274569
0.21534971883211962,0.23374846045075084,0.12183587612133705,0.42906594459579256
0.2157171209092803,0.21852249154501768,0.13752962702704785,0.4282307605186542
0.3873062542539177,0.26900144370831913,0.12893976852177974,0.2147525335159835
0.3954689148141012,0.27197180301159257,0.12926615335183156,0.20329312882247472
0.22687495335252067,0.23785120980874644,0.1174523665540424,0.41782147028469047
0.2534154256323482,0.39468262701278717,0.1292123133051372,0.22268963404972733
0.39538010317335304,0.2666718606184656,0.13694856187958485,0.20099947432859658
0.22037404653432002,0.4153164491925719,0.14603548742249692,0.21827401685061118
0.17104707086552426,0.3666068624822167,0.14529429840569813,0.3170517682465609
0.19773093645267345,0.22190239768523604,0.3439158906151085,0.236450775246982
0.19496156566200473,0.1918833777662777,0.36401468490048544,0.24914037167123215
0.21062452749606297,0.4154761264092381,0.17031797388160466,0.20358137221309439
0.18841127144439748,0.20604135110932126,0.37163620917354145,0.2339111682727398
0.18942512153201363,0.20695869732729222,0.17263014243434224,0.4309860387063518
0.1969777381360072,0.21404063447214622,0.16454916853093404,0.4244324588609126
0.1642079130575528,0.34634974098259996,0.28152763536923026,0.20791471059061695
0.38277948001598916,0.23468804564552478,0.1814625828722417,0.20106989146624435
0.19827112007967249,0.19761866042528264,0.37755631989663624,0.22655389959840874
0.19376209273919087,0.20037237548205053,0.37363362869032285,0.23223190308843578
0.19741813818143572,0.1923772881641547,0.3823627327938565,0.22784184086055312
0.19317526893637368,0.19847100421328348,0.3771552428891826,0.23119848396116013
0.21811473960926261,0.4011888400809845,0.168151768133249,0.21254465217650376
0.20006616239496264,0.197931844710332,0.19068200470870944,0.4113199881859959
0.391570878736774,0.21342733894877328,0.1710744388927014,0.22392734342175147
0.1990999930817565,0.20709885925476856,0.17574112156557978,0.41806002609789517
0.19479627974399946,0.20873398974001184,0.15945056374264513,0.4370191667733437
0.2103527654257274,0.42078960474365784,0.1615500802654788,0.20730754956513608
0.20177030131296095,0.20181009219476456,0.37253318499956667,0.2238864214927078
0.19951191109497277,0.19039484791633307,0.36935851281123516,0.24073472817745906
0.20114726091940216,0.215602275305339,0.1707176321410046,0.41253283163425436
0.19514373452410314,0.21300633839952052,0.15781688413786227,0.4340330429385141
0.21003741440860024,0.4056479764026267,0.17899195160823486,0.2053226575805384
0.37867134796343,0.24044581938704393,0.1646135039949444,0.2162693286545817
0.2101112179138568,0.41529549285760625,0.16628712159976555,0.20830616762877155
0.21583764108778028,0.40849799616632804,0.17742196108248823,0.19824240166340343
0.22662279940003524,0.40947861216291015,0.16048603666491348,0.20341255177214101
0.20446280531641087,0.19743721195392197,0.36822689768225514,0.22987308504741208
0.19715994956080807,0.206339978303719,0.3599905879903808,0.23650948414509218
0.3774235707262791,0.25009000138351906,0.153370785526294,0.21911564236390785
0.3801111946552161,0.2622472937954411,0.1578082290969264,0.19983328245241652
0.21502021966046994,0.41452910162614137,0.16180662914275004,0.20864404957063865
0.2467820969777314,0.4392119315261887,0.1087524689794748,0.20525350251660518
0.22630335862773793,0.23069595438152346,0.12172871995334593,0.4212719670373927
0.2373622018786685,0.23135986337560174,0.11017623706724569,0.42110169767848415
0.4272091348149402,0.23869550862662856,0.11398551649545828,0.2201098400629731
0.41566434712843925,0.23577638350979374,0.12220465040392992,0.22635461895783712
0.27021194294373024,0.3979689456468713,0.1179550415827754,0.21386406982662298
0.40213911200401514,0.22372620325489898,0.13242466121388705,0.24171002352719895
0.41494569454000646,0.2148244898158601,0.13712067838602887,0.23310913725810448
0.22194543626853028,0.23224669021914449,0.115015702497964,0.4307921710143613
0.22009064323233565,0.217344504996531,0.11388070904016775,0.44868414273096563
0.3836103579695154,0.26567241794455043,0.12491922651302366,0.22579799757291052
0.392734388071464,0.25992520854287265,0.13243747460857094,0.21490292877709236
0.4121873094638964,0.22934683570647743,0.14092209287092924,0.2175437619586969
0.22906739173937807,0.2223595844069567,0.11780262012026431,0.430770403733401
0.24363524028476055,0.42343689615456054,0.12126989988143344,0.21165796367924544
0.3935942191794526,0.2714912651533093,0.1251598613277424,0.20975465433949575
0.23281214407367945,0.4280912730037202,0.12606920145951328,0.2130273814630872
0.2116461126558182,0.2264022868694769,0.11653754318774848,0.4454140572869564
0.40171728161874043,0.24851637439304167,0.1280351253861313,0.22173121860208647
0.4081383884404857,0.24729459157955005,0.12593428739297585,0.21863273258698843
0.21856606280113622,0.2243825459529541,0.12585384732917074,0.43119754391673887
0.22457734123018824,0.2482091265722708,0.10517218110840314,0.4220413510891378
0.41102192916308194,0.23909394754941884,0.11166819616718153,0.23821592712031764
0.23520940010885616,0.4363183246958415,0.12130946082667127,0.20716281436863093
0.2341753254209667,0.2347871517025965,0.12292453706185273,0.40811298581458405
0.24163166142854592,0.4303313572410807,0.11503253468886063,0.2130044466415126
0.21864202753857245,0.39170527290529733,0.10667585321818275,0.28297684633794745
0.21660526717030273,0.22810432731195526,0.1053529627007175,0.44993744281702464
0.39345028996241194,0.28644324533564186,0.12451054923729622,0.1955959154646499
0.1985967800949317,0.3917206563845339,0.10082027687485073,0.3088622866456837
0.22529867469034073,0.24270291097494479,0.11430847960499585,0.4176899347297187
0.4258404232459311,0.24534506066093978,0.12508415088050445,0.20373036521262472
0.22337934904558715,0.2488446744423347,0.11839054646618467,0.40938543004589345
0.42157944653192936,0.24924251994224433,0.12221483442663063,0.20696319909919575
0.23538914930331087,0.23477266340762706,0.11277145486332475,0.4170667324257374
0.22887096407126528,0.24487005404952356,0.1091371780892428,0.4171218037899684
0.22327092062774828,0.24047149661267134,0.09985864970099631,0.43639893305858407
0.42662715596978795,0.24289340257369063,0.10975926648948792,0.22072017496703356
0.20429925341603758,0.38514312661793965,0.09927934222720097,0.3112782777388218
0.2458502836156668,0.42979238504896516,0.11326141449716572,0.2110959168382022
0.24463319319925977,0.42431894496548545,0.11541677986863255,0.21563108196662237
0.23892520096874062,0.23359235006361967,0.10429046103682699,0.4231919879308127
0.21564209257335035,0.2146398253348835,0.14114905500770655,0.4285690270840597
0.4007915096792009,0.2703033504250734,0.11971315292007523,0.20919198697565045
0.2317920278018151,0.2434085971607105,0.11040698774131857,0.4143923872961559
0.2214791737858053,0.3855333345867847,0.10991728179002754,0.28307020983738257
0.24415778548636163,0.44172569854953564,0.11480697844666213,0.1993095375174406
0.2423856519115762,0.43962839766603456,0.11227463635447787,0.2057113140679113
0.25208264596278773,0.435511381955576,0.11308850769580772,0.19931746438582856
0.2447310869666338,0.4273670248529088,0.11868688753674472,0.2092150006437126
0.2477111940184568,0.4218006316723899,0.11287802371705137,0.2176101505921019
0.3853895348941278,0.26271466472214017,0.14615139752360035,0.2057444028601318
0.2438833260460277,0.42486000893506876,0.11980244062841855,0.2114542243904851
0.4041252739417893,0.2758312372135362,0.11706449236686564,0.20297899647780887
0.23946454066820383,0.4343301763382989,0.12511680047754026,0.20108848251595696
0.2458397144530074,0.43935822989714235,0.10365325056466394,0.21114880508518633
0.2431678507180428,0.42817775316516715,0.1255189458167531,0.20313545030003688
0.1998997729731309,0.19719764401573497,0.3677210393139249,0.23518154369720914
