GC,PGC,OSNs,M/TC
0.10778209411882247,0.5333909584961509,0.08417624631620572,0.2746507010688208
0.06929064000679473,0.3284825309627112,0.23821254168907752,0.3640142873414166
0.08392791203608464,0.29242580658318196,0.36389269291734033,0.2597535884633931
0.10218207011286147,0.29463905001763463,0.08959158850982295,0.5135872913596811
0.10288946527065464,0.45889707810854424,0.11533693877526248,0.32287651784553867
0.09333082817198826,0.2837506944239072,0.07470187154774637,0.5482166058563582
0.17347114238581673,0.36722219046083576,0.08692895827083709,0.37237770888251037
0.09512223290161763,0.29830469901643164,0.1022424120991965,0.5043306559827543
0.10322077729794563,0.4804942158821618,0.10723460223391795,0.3090504045859747
0.0661683090221163,0.3393027488777068,0.23834436071582166,0.35618458138435516
0.08170493902616502,0.27677016070319127,0.422152096343691,0.21937280392695274
0.09037553501037376,0.10753295223450585,0.7092071684885717,0.09288434426654867
0.09386272604231992,0.1179380642046516,0.6837020425025392,0.10449716725048927
0.06702597544457281,0.3294953640649505,0.2402383267811267,0.36324033370934994
0.10686763630178733,0.5285215903949283,0.08774947881486712,0.27686129448841723
0.0903917848737661,0.30015124488810346,0.0935098866824879,0.5159470835556424
0.17260099656063815,0.3919241652440147,0.08027772467282812,0.35519711352251915
0.1962618099149738,0.35756115334286837,0.07638213599139752,0.36979490075076044
0.19972322363079797,0.35349949118138885,0.08245828534151858,0.3643189998462945
0.20873398718366026,0.3571493764859626,0.07952964877907423,0.3545869875513029
0.1793693292066373,0.3675504131743854,0.08155337551448359,0.3715268821044936
0.20272830174459103,0.36250834018455064,0.07962116934633745,0.3551421887245209
0.1838503541883718,0.37873586852821595,0.08488107844497188,0.35253269883844035
0.19232255800786913,0.3717780258727322,0.07864875680111755,0.35725065931828115
0.10843484512678228,0.5173187531815681,0.08523535185916098,0.2890110498324886
0.09230006057004177,0.2897966828635064,0.09343585203122193,0.5244674045352299
0.0989272732128608,0.2910835971968952,0.07363916149611685,0.5363499680941272
0.11361050227911151,0.3008492128231725,0.07586626191744761,0.5096740229802684
0.13508293430674873,0.2848533034832004,0.07097323851212314,0.5090905236979277
0.0900640711004984,0.2698991159722774,0.1016101907680812,0.5384266221591429
0.20646679553430003,0.3675587730117246,0.07735072904293754,0.3486237024110378
0.16442057474755217,0.37990841821697574,0.09024620915628298,0.365424797879189
0.20378047564442078,0.3772982113479868,0.07721564409594783,0.3417056689116446
0.09949064051345889,0.2841376108793,0.08708526414012326,0.5292864844671179
0.2227544784211753,0.3259801688123626,0.07448868200263552,0.3767766707638267
0.2116552113960969,0.34095055531139307,0.0825725314274002,0.3648217018651099
0.21909845415747664,0.3446836447996052,0.07845403415008999,0.35776386689282813
0.20024691276279594,0.3521681790059126,0.07378185877234927,0.3738030494589423
0.09808963910780814,0.4998572627229736,0.10344927534039855,0.29860382282881964
0.07274800087634196,0.3251251936454342,0.22021966883049438,0.3819071366477294
0.09456477723893462,0.2781433260311762,0.10247724467761646,0.5248146520522727
0.07252098213753962,0.326370751142379,0.2328660760743101,0.36824219064577124
0.0755695039286764,0.27415338765365993,0.40595722822702435,0.24431988019063927
0.10308607024776362,0.5089425359808889,0.09743741412019188,0.2905339796511557
0.06670850021371835,0.32874188498712853,0.24229941252645615,0.362250202272697
0.09265999045785601,0.2953571293724702,0.35081826635436875,0.2611646138153049
0.07281884816708156,0.1221469011882332,0.7059931769266838,0.09904107371800135
0.09647795258464843,0.3000815846619128,0.3665537143037041,0.23688674844973476
0.0881208368725277,0.09708540339559098,0.7344071544713004,0.08038660526058083
0.0872329784476947,0.11517307915303615,0.7054878108376615,0.09210613156160767
0.0970905088021569,0.28753292306570266,0.38318863661891156,0.23218793151322895
0.09704803391505373,0.5355092938616249,0.08783936820722507,0.2796033040160963
0.1096838748301382,0.5213861834499719,0.08638949979737003,0.2825404419225198
0.10768738638690376,0.5073220052797848,0.09200022587509767,0.29299038245821385
0.09155372386755903,0.2833457093813578,0.07577858923122827,0.5493219775198549
0.10728857210508598,0.289000321668794,0.0708247663757903,0.5328863398503296
0.12098212928188243,0.45353608179565147,0.0950930282277892,0.3303887606946768
0.09835076461381492,0.3059232609229887,0.07827842595004053,0.5174475485131559
0.10011906106707082,0.2828573150685345,0.08385896700918292,0.5331646568552117
0.18047643387287157,0.3828942576827538,0.07684966706362995,0.3597796413807446
0.18786923917265846,0.3721472649862938,0.0845621495665582,0.35542134627448957
0.10013878006631215,0.29764809564519007,0.08311062143090397,0.5191025028575937
0.1004283222880719,0.5853507060738325,0.0718546406810659,0.24236633095702967
0.10051250523749508,0.5593369569960451,0.0819988073652719,0.25815173040118783
0.09207043578754964,0.5819036397445188,0.0688045591672404,0.25722136530069106
0.10566757513420522,0.30957054532058315,0.07591127550710149,0.5088506040381101
0.0987160050772859,0.6109273559212992,0.061851555551145174,0.22850508345026974
0.10836310983560997,0.546902065049421,0.07099624727663703,0.273738577838332
0.19967645467609957,0.35871468521073874,0.07790634260588175,0.36370251750727994
0.0992312231486284,0.3059861784145924,0.0829140879608753,0.511868510475904
0.2059403188831797,0.382273262939165,0.07240480472172652,0.33938161345592865
0.19914980223839326,0.3684511968580181,0.07590082089402664,0.356498180009562
0.20680190780976812,0.3716108380458037,0.07993192567294763,0.34165532847148056
0.25481727039984625,0.35284296859667497,0.07138830176897296,0.3209514592345057
0.2081031761619565,0.37577922828166316,0.07210090766601522,0.34401668789036505
0.21356922217226804,0.3546805519642772,0.07937831360528048,0.3523719122581743
0.4023676427074752,0.2621899430463275,0.17471013774822475,0.1607322764979725
0.40688644820020087,0.20990556347335976,0.22483590586232693,0.1583720824641124
0.22095816930599096,0.3596512811364969,0.06573136602480338,0.3536591835327087
0.4083249855072823,0.2511942457716782,0.1980040025696008,0.14247676615143864
0.19351596867387572,0.34936572869213856,0.08517759984947287,0.3719407027845128
0.20329194384136456,0.36858714736941606,0.0769843092941014,0.351136599495118
0.08865196383308245,0.10404642191644864,0.7142539804778795,0.09304763377258941
0.0906836993160453,0.10801222103259649,0.7058303882368231,0.0954736914145351
0.0892297129795443,0.28436744117044227,0.3643985950089688,0.2620042508410446
0.08226131765303726,0.3072267967819842,0.332598693465207,0.2779131920997716
0.06610731211224471,0.3379096770684924,0.2456601804835424,0.3503228303357204
0.0919052818526966,0.5170466424430047,0.10564264755823255,0.2854054281460661
0.06687890258396476,0.34200706551071014,0.24087247469872256,0.35024155720660244
0.07375413564606104,0.3284094652591991,0.21836674042654125,0.3794696586681986
0.08722102962990502,0.2829515642467207,0.36993288608067365,0.2598945200427005
0.09560406386297209,0.27222917850623396,0.39359958600145195,0.238567171629342
0.08419795512171245,0.3113001841076484,0.3363242318916389,0.2681776288790001
0.09746785845486608,0.3024101898128926,0.09444286655064216,0.5056790851815992
0.10114566267615059,0.3070047307314026,0.08914443162297106,0.5027051749694758
0.12278051845284857,0.48051936890073355,0.09095857104892029,0.30574154159749756
0.11079588823976622,0.5073786643027419,0.09515813171358478,0.2866673157439072
0.10018319143665022,0.3003653161885776,0.09389008865880936,0.5055614037159629
0.11577432326379247,0.48500600138645866,0.09084555098791805,0.3083741243618308
0.10086287136608835,0.30733691071394864,0.09002645277221527,0.5017737651477479
0.21680921239838186,0.3448566935857314,0.07529757873278992,0.36303651528309683
0.094778839167732,0.3027393579184791,0.09166725504559857,0.5108145478681904
0.10900854021431443,0.3120374533713508,0.08699567805663985,0.49195832835769493
0.0689627228295763,0.3340993269140115,0.23890935422519907,0.3580285960312132
0.10042584341783702,0.50860191760606,0.09025470358572003,0.30071753539038293
0.08626869251621452,0.2981902123745021,0.09719106203529976,0.5183500330739836
0.10903699018020954,0.4964088950707345,0.09462769493966369,0.2999264198093922
0.10047328554805904,0.5237935303938943,0.09425223997721416,0.28148094408083246
0.09859489214692635,0.31750838715595375,0.08730190966706877,0.4965948110300511
0.1025976033694087,0.3132920659101412,0.07287231517240644,0.5112380155480436
0.09849626493121828,0.3172363249413611,0.08878065411778405,0.4954867560096366
0.22757704815446833,0.36649811627464207,0.0740027857873873,0.3319220497835025
0.17349838712252194,0.37852529062484047,0.08418544573365808,0.3637908765189795
0.20805328101748238,0.3432106021150003,0.08516272747119487,0.3635733893963224
0.2334998898578276,0.34906661105102627,0.07140512805537291,0.3460283710357733
0.21665745329999536,0.3304153874744935,0.08105251895109751,0.37187464027441375
0.1993774579331097,0.36143504283592337,0.07881070137870176,0.3603767978522652
0.10263502217378855,0.5565830834868986,0.07600634595304787,0.26477554838626494
0.09692032381936047,0.28501459622302505,0.09894013829285077,0.5191249416647638
0.0920811778543209,0.5635663708558144,0.08494483323651253,0.2594076180533521
0.09239235342022432,0.5529431628563576,0.08602177984706345,0.2686427038763546
0.1175757706437042,0.5636976207283523,0.06593124221886588,0.25279536640907774
0.18114455552464706,0.37382706222138945,0.07931446786041,0.3657139143935536
0.17855688153760405,0.3607861956014458,0.08583088542585404,0.3748260374350961
0.18240795499300938,0.3600088635406458,0.07947839695055979,0.37810478451578494
0.1868050820719681,0.369163975103573,0.07660446787838447,0.36742647494607444
0.1996823753638197,0.3685641410013205,0.07775470344630171,0.3539987801885581
0.18313184756311734,0.35636145575227596,0.0816884011821935,0.3788182955024131
0.10861031362404515,0.32986939552027555,0.08322718363088037,0.47829310722479884
0.10350747852837348,0.5290994616074095,0.09084452618674309,0.27654853367747384
0.1063107932405039,0.5392912636750266,0.09496942760185718,0.2594285154826123
0.09307812453863122,0.2921549792625196,0.0871022265389495,0.5276646696598997
0.09903427093296363,0.3053689250742235,0.08585357801013697,0.5097432259826759
0.1196915998558917,0.5099271313247679,0.09059914762703675,0.27978212119230367
0.10492159663109704,0.5031999857770736,0.0975068200957084,0.2943715974961209
0.0936894496525785,0.3101147054897351,0.08571249484597229,0.5104833500117142
0.10639024097058374,0.5201993865261149,0.09487592591790023,0.2785344465854011
0.09444895497197198,0.2946684579529371,0.09098717772459954,0.5198954093504913
0.1944038053974409,0.35474300153311744,0.07998844945374442,0.37086474361569716
0.20860289208091815,0.3696844243874355,0.07432131816271513,0.34739136536893117
0.17249894067961555,0.37087448948256757,0.08926775675272675,0.3673588130850902
0.20144562994769608,0.36070750787473443,0.07625003468682466,0.3615968274907448
0.07303554680761536,0.3292539790826347,0.22059644617507881,0.37711402793467114
0.07151377235117246,0.3213954875449126,0.2300323281105104,0.37705841199340456
0.06954135711116288,0.3271547040596675,0.23925017686843417,0.36405376196073547
0.07299933433669059,0.32824342740383283,0.22582199235236838,0.3729352459071082
0.06523271992602839,0.3317964660669265,0.24415277498878293,0.35881803901826226
0.06950798819763546,0.3265702051504545,0.2372291628608266,0.3666926437910834
0.10573562634946818,0.290519529644903,0.09954139097375243,0.5042034530318764
0.10196068037244613,0.30782107330393715,0.0841300692943026,0.5060881770293142
0.11283276451061384,0.5200104493086926,0.08695089276751501,0.2802058934131786
0.0970770557447468,0.30756768281753843,0.08854496845238213,0.5068102929853326
0.10747641239946046,0.5383641599319573,0.08825411888915924,0.265905308779423
0.10867247210127699,0.49396486275616114,0.0918654564257262,0.30549720871683556
0.10442918174819281,0.49985462623137444,0.0911671223572478,0.30454906966318485
0.09118313403033469,0.29357263338813716,0.10391835307929427,0.5113258795022338
0.10009947431581136,0.3147360138282068,0.1013078514921212,0.48385666036386066
0.07053093938527004,0.3240958247291843,0.2276062504098542,0.3777669854756916
0.06322468251605907,0.3363146112112668,0.24902137223011764,0.35143933404255645
0.07260776384277644,0.31441041638384243,0.22810853354592414,0.3848732862274571
0.07175649403439438,0.32857737529586745,0.22466739546602757,0.3749987352037105
0.07304255221850892,0.322281032819838,0.22442936980415387,0.3802470451574992
0.1151397321345379,0.48504729373511163,0.09626541227700085,0.3035475618533497
0.06969997390686249,0.3409242666174265,0.23093234689267741,0.3584434125830337
0.06586898408534508,0.3442116586609856,0.23388003636000593,0.3560393208936634
0.10636937255787798,0.2889999845827096,0.0894487690862632,0.5151818737731493
0.11154338232553859,0.45267602645879657,0.10787294780502342,0.3279076434106416
0.10644736970466202,0.3158266712749788,0.08842635270682385,0.4892996063135353
0.10373582155420988,0.4750040139939692,0.10951938757924148,0.3117407768725794
0.09993513383886982,0.29027331845879356,0.08370241127155481,0.5260891364307819
0.11493802544854446,0.5238174812031929,0.08262215287608196,0.27862234047218076
0.10460980843899301,0.5881096460897938,0.06889365567650697,0.23838688979470626
0.07521953488215562,0.3440478071415085,0.21791321564744934,0.3628194423288866
0.19261594632450155,0.3632935769009474,0.07675683726898881,0.3673336395055622
0.21791883735552636,0.3326153882236071,0.08098416491767033,0.3684816095031963
0.19015135593044122,0.3973593704534526,0.07841281788235234,0.33407645573375383
0.2104117809782467,0.37485228726392184,0.07075039171877702,0.3439855400390544
0.10732516211229912,0.5284365790320044,0.08758003827284058,0.27665822058285594
0.10438459447869487,0.2962797625725696,0.07601236594584991,0.5233232770028856
0.10484528351541007,0.29119080375656187,0.08284536573566541,0.5211185469923627
0.10229647252144299,0.5346085757116832,0.08482612139156596,0.2782688303753079
0.10893884342404982,0.530932170975919,0.07942104849233243,0.2807079371076988
0.09487742243122159,0.30125382593940436,0.10040660217969255,0.5034621494496815
0.2329366988569351,0.3451134089087441,0.0711021935973855,0.35084769863693527
0.2115398674339909,0.3810556057272524,0.08115402727689391,0.32625049956186275
0.09508067958310892,0.556562265178265,0.09125497548289063,0.25710207975573546
0.09581757759226214,0.31690677031952436,0.09547091934760193,0.4918047327406116
0.07217725428335613,0.32619551128426616,0.21736146146504476,0.384265772967333
0.08579943110747716,0.30098642796226227,0.3350807926997804,0.2781333482304802
0.11605252913960809,0.49108695322402895,0.08534106842268095,0.30751944921368196
0.06885916874707511,0.33316202081696544,0.23707429655463055,0.3609045138813289
0.089551137688475,0.313851935584055,0.08889056561598689,0.5077063611114833
0.09921127580817965,0.3083419829867347,0.10003568881644616,0.4924110523886395
0.06799657233552234,0.3335336097619131,0.23603887557182746,0.3624309423307371
0.10398497349392016,0.4897991374673681,0.10475935023511819,0.3014565388035935
0.0796155685228953,0.29156169711208935,0.38932068964819033,0.2395020447168251
0.11346481964792632,0.1087455412450638,0.6802877583478262,0.09750188075918371
0.06553163703109893,0.3323106051732426,0.24323158912496243,0.35892616867069604
0.0821033886027128,0.297276908936184,0.3292432339451028,0.29137646851600046
0.10203459788279658,0.5029898561869057,0.10247199796714856,0.2925035479631491
0.09474365310839593,0.29445872237296816,0.07674446735257529,0.5340531571660605
0.21445709191630993,0.36492374530680893,0.07335144690450902,0.3472677158723721
0.11210727961270686,0.28662607586040517,0.07556047221651364,0.5257061723103743
0.09329874459756199,0.29512813078131855,0.08615352979292124,0.5254195948281982
0.1083372994300081,0.4745941883734861,0.09625788863787502,0.32081062355863077
0.0775044795767098,0.32053495911484653,0.3454951198829885,0.25646544142545524
0.08485648752015741,0.28732635977538695,0.3687291207222052,0.2590880319822504
0.09738962511779668,0.32511811258909995,0.08617280685979156,0.4913194554333118
0.09866786653528509,0.3009425883044848,0.08232677246530391,0.5180627726949262
0.10712881434645907,0.4906799512887771,0.1015693212997424,0.3006219130650215
0.10016451378380084,0.5585410829754827,0.07717396129673205,0.26412044194398443
0.11096905057623196,0.5052486766573431,0.08661913711262222,0.2971631356538027
0.09322800983277366,0.5335972738243697,0.09804563743340602,0.2751290789094506
0.1085487046999878,0.5350667845838434,0.08127961866990574,0.275104892046263
0.07094950439858033,0.3499791923338527,0.22383450140821443,0.35523680185935247
0.07205540705046136,0.3506150086170374,0.2043580870039671,0.37297149732853413
0.10095504576909085,0.5546933871858033,0.0699577519387718,0.27439381510633415
0.09917447322947345,0.5250680977283255,0.08519206646501203,0.2905653625771889
0.0996837491473081,0.5279980825184478,0.08705085402217784,0.28526731431206626
0.11595923628741985,0.5208193866684859,0.08635357172712983,0.2768678053169643
0.10729240781062947,0.296973018329203,0.08464585017834451,0.5110887236818231
0.10729872594364305,0.31754295898474294,0.08895167282665785,0.4862066422449561
0.2041826272748948,0.352740279565737,0.0775188825897952,0.36555821056957294
0.24383822487346735,0.33113641007854294,0.0693126194491201,0.3557127455988696
0.2091566998617795,0.35248994129421984,0.07120739525845518,0.36714596358554547
0.23649856662874189,0.3489248615829055,0.0756181163408231,0.3389584554475295
0.2451139867278419,0.3268823082423111,0.06704059174899032,0.3609631132808566
0.0944104890238987,0.2948844406078404,0.09436130644771082,0.51634376392055
0.10464286479862295,0.2936085966217326,0.07572948640439066,0.5260190521752538
0.10701194506434464,0.5281506081767428,0.0765770580274021,0.28826038873151044
0.10147070907257244,0.5441643106537305,0.08631662034913452,0.2680483599245624
0.1911576623165072,0.3793876356105623,0.07658757158903119,0.3528671304838993
0.11146568771514223,0.31478385137142983,0.08182936479852876,0.4919210961148992
0.09975009566844328,0.567613666148823,0.07658717096639506,0.25604906721633863
0.09635651878043508,0.5265384612695292,0.08792192955114798,0.28918309039888784
0.11033639678661021,0.5267630396717098,0.08534063059477401,0.2775599329469061
0.10887754464583639,0.30869997458130344,0.09446944549114483,0.48795303528171535
0.199790671646919,0.350162788357765,0.0754279391151581,0.3746186008801579
0.22755446250322553,0.3640507643352327,0.06757508088574651,0.3408196922757952
0.09951602746658908,0.28657812819661593,0.08234518880825038,0.5315606555285446
0.09991644104001658,0.3025894593269931,0.08752180218412997,0.5099722974488603
0.16977102679308076,0.37982809110669347,0.08246649135791892,0.36793439074230694
0.11231220326496236,0.49421409353202683,0.08178623611350767,0.3116874670895031
0.10506414559812777,0.30143014479788866,0.09050545241463825,0.5030002571893453
0.1186848374603688,0.5136212636016686,0.08400545577746964,0.2836884431604929
0.10575182943202054,0.3033696075252053,0.08260269261273331,0.5082758704300409
0.1010499774059245,0.2875760516611573,0.084028219220108,0.5273457517128103
0.11492751885403316,0.49907922840395674,0.08088774463808077,0.3051055081039292
0.09455866340090764,0.29562342360847443,0.08880115235567461,0.5210167606349434
0.09365204495966624,0.28875174899485556,0.0960274028071958,0.5215688032382826
0.19393379769489516,0.36084168650931014,0.08158236449671841,0.36364215129907634
0.09444875958181814,0.2833494809162323,0.09934553407529564,0.5228562254266539
0.1878973271473541,0.36585480738064763,0.07976453076933987,0.36648333470265854
0.101690952379514,0.29660404212699654,0.09371563702152118,0.5079893684719683
0.1083220365231857,0.2983211439845009,0.08161566856110523,0.5117411509312082
0.10838101269613239,0.2864925719431356,0.0845618194245948,0.5205645959361371
0.20284396479327788,0.36776292057078136,0.07703024321396705,0.35236287142197376
0.09657455496333832,0.2881636740242244,0.08084110624052654,0.5344206647719107
0.10774998979968957,0.537464542951637,0.07537246290928906,0.27941300433938443
0.1059916395088745,0.48518383552151206,0.07932373242381152,0.329500792545802
0.10022727415126408,0.30172552977078987,0.08428684224545131,0.5137603538324947
0.10070118826230445,0.2911424937184253,0.09220986575217907,0.5159464522670911
0.12817274440653353,0.4835341056593866,0.07911827320905752,0.30917487672502236
0.10312713785801941,0.3318018015893524,0.07713607270447538,0.4879349878481528
0.08749881580040617,0.3066248876243834,0.08747110534353303,0.5184051912316774
0.11932749378552561,0.5040605950854905,0.07766842632075498,0.29894348480822897
0.11063633284371106,0.514904553867746,0.07942881740810995,0.295030295880433
0.14375477265645514,0.47147152540245696,0.07625875953262165,0.3085149424084662
0.11327094782157822,0.5275150209090141,0.07464804697620822,0.2845659842931995
0.11502832175507008,0.49304281402610517,0.0825549555044529,0.30937390871437176
0.11115272328554848,0.5394465419438679,0.07213651453448414,0.2772642202360995
0.1150510319044654,0.5208129523608364,0.07763040874564009,0.2865056069890581
0.1161208288943149,0.5695578482747645,0.06367559761991785,0.25064572521100265
0.11147006268474159,0.4957736119804351,0.0842739059823679,0.3084824193524553
0.11021261436993424,0.4885317906446215,0.08266008203540103,0.31859551295004324
0.11018353835585522,0.49977461152754216,0.0868261601474335,0.30321568996916914
0.10619002751436862,0.11906109841609998,0.6621061432049365,0.11264273086459471
