GC,PGC,OSNs,M/TC
0.6336897714722399,0.11798417206088745,0.05021846436719753,0.198107592099675
0.22901717439357594,0.1915796776471275,0.07544873622479994,0.5039544117344966
0.2365807122791724,0.140920587892664,0.20456694370332223,0.4179317561248413
0.17897137575305463,0.11362982519634582,0.2697996987868025,0.4375991002637971
0.30465409644783925,0.08082362581437764,0.0427571239122113,0.5717651538255718
0.31978264628194103,0.20449380942367212,0.05772117715722145,0.41800236713716543
0.3557296839847846,0.06629582335772956,0.03858036688645539,0.5393941257710305
0.6602316099602473,0.12334739892885083,0.045372898978932916,0.17104809213196895
0.21002575956886335,0.10402307210078036,0.06466062040582513,0.6212905479245312
0.1224463244661802,0.22643094851897222,0.1703297186499495,0.4807930083648981
0.11063605841081167,0.10897762612456192,0.4167728480369373,0.3636134674276891
0.14510268878083288,0.13522712369870876,0.3003831054309885,0.41928708208946985
0.22875923871046971,0.10759307313073384,0.2910039934519042,0.3726436947068922
0.16690969880763018,0.10585010396965394,0.28153613668684674,0.4457040605358692
0.26661207116711927,0.24357807651581453,0.16488479263905167,0.32492505967801455
0.19532835221578612,0.20982849361418734,0.0680647107444438,0.5267784434255828
0.33184943666648176,0.09723135227427239,0.0847901842020132,0.4861290268572327
0.6159515645306599,0.14968153623769598,0.06139728057850388,0.17296961865314028
0.5879578788670075,0.08945360917255955,0.12495110204577478,0.1976374099146583
0.48455609304090813,0.09211599830351187,0.13419077411929026,0.28913713453628975
0.6362134086957684,0.10835764581670777,0.0824665092447527,0.17296243624277116
0.6099756175109735,0.12923776865292536,0.05478216356518464,0.2060044502709165
0.6504203180203689,0.10815742540862125,0.06998975096333128,0.17143250560767856
0.6152692414634535,0.10461454116151543,0.059658638170947485,0.22045757920408368
0.5572965015472222,0.12589556201446808,0.05887170447091666,0.2579362319673931
0.2100799931588621,0.10742194924972813,0.047307997085666825,0.635190060505743
0.35785892149953935,0.09413365290941898,0.040730666202336945,0.5072767593887048
0.4520761372877894,0.07513986198991604,0.12898788104052059,0.3437961196817739
0.35995698400976744,0.09467138566691374,0.04003114323588914,0.5053404870874296
0.5579630758953301,0.10959762347921405,0.05182802644757945,0.28061127417787635
0.2730138344457714,0.12259764434705567,0.095395003347799,0.5089935178593741
0.649204540466942,0.11634646102924924,0.05690795935491758,0.17754103914889113
0.5593351176696998,0.1428169499309206,0.12321289102837843,0.1746350413710012
0.6071726986965619,0.05899957668650906,0.06641025686835086,0.2674174677485781
0.48461652928660526,0.08479124222381801,0.04101274864225054,0.38957947984732616
0.5958571773469103,0.1041726334423749,0.05159332155089184,0.2483768676598228
0.5157784142818101,0.1721657877857539,0.10008060486812327,0.21197519306431267
0.5627004561052712,0.13974405655971092,0.11949391766561941,0.1780615696693986
0.5375413645907394,0.09874386297033334,0.05909812631248804,0.3046166461264392
0.18752263359804178,0.17162882293694545,0.034127926366744075,0.6067206170982687
0.22497293037893887,0.3148026357207717,0.05737031087790845,0.40285412302238105
0.2817284043982757,0.12015785178981098,0.0804806048682402,0.5176331389436731
0.25189350866968574,0.20821859689825098,0.12304368136174058,0.4168442130703227
0.27024399551772127,0.16889666734704606,0.16524294732086686,0.3956163898143657
0.15849406916649014,0.28660558682212384,0.06123705452742567,0.49366328948396043
0.1651097725656605,0.19497140492999934,0.18188278087410167,0.4580360416302384
0.25647712010922863,0.18962490976481303,0.17207078594087516,0.38182718418508316
0.2623015508468517,0.14603609155196143,0.16144513232936472,0.4302172252718221
0.2664751257140146,0.14796760684596152,0.13228415870103602,0.4532731087389879
0.2808016739140143,0.15597172771430534,0.14509896837069985,0.4181276300009806
0.3017128175130694,0.14088942070137883,0.12669459139140887,0.4307031703941429
0.21079275565317615,0.2245002470335148,0.08770653184071169,0.4770004654725972
0.2242711350203761,0.236919343223058,0.06554731405174702,0.47326220770481897
0.23732491444195244,0.12979393612467896,0.05069828018670125,0.5821828692466674
0.21091568372598504,0.30880062218225834,0.07430566899297901,0.40597802509877756
0.5772124342993612,0.13176200780947808,0.0553949264666227,0.235630631424538
0.34011907410579906,0.11957400761375507,0.07989531578415549,0.4604116024962904
0.28942235411158684,0.17968416150932917,0.07835750780540529,0.4525359765736787
0.36191760995257694,0.09210024273309643,0.08463130887728182,0.4613508384370447
0.2756169445263844,0.07812868478308058,0.04198082126479793,0.6042735494257371
0.6016475480612944,0.11399491926014861,0.08082544952445217,0.20353208315410484
0.6001998179111043,0.09883813233100872,0.0741043749122432,0.22685767484564368
0.292590006020419,0.06468877451919659,0.03515552643388687,0.6075656930264975
0.24365072322784673,0.21548838475427826,0.04930561712239145,0.49155527489548356
0.24667483250687194,0.22723993015922422,0.045108672751577414,0.4809765645823264
0.34652611869980443,0.10369238786173156,0.04910317939701222,0.5006783140414519
0.2877567247681063,0.10510756449795342,0.07288694068666729,0.5342487700472731
0.3241126713866195,0.23504850626966362,0.057528927288245935,0.38330989505547086
0.18637300151704211,0.18155488044079304,0.05452927124115466,0.5775428468010102
0.6336272347660229,0.10277577361442922,0.0585698061112307,0.20502718550831703
0.2330110963572887,0.11638026634534769,0.05641845564395698,0.5941901816534065
0.6640829406266029,0.07978852438659162,0.06265712648087371,0.1934714085059318
0.5858630229299184,0.10455624089122564,0.09121593020292625,0.2183648059759296
0.5819809725051628,0.09674850784671463,0.09049271526802986,0.2307778043800928
0.5919661654944435,0.07875288534600308,0.10946910551141203,0.21981184364814144
0.5430040722736722,0.11474192507182499,0.10768031417278762,0.2345736884817151
0.5616630228019194,0.08953281034581657,0.10725604154115559,0.24154812531110847
0.41764186567835615,0.13190541123990887,0.18535886138930768,0.26509386169242727
0.5511126215796985,0.08283876868604213,0.12333490611967243,0.24271370361458683
0.5014123014617174,0.15927483259117722,0.05222220443665417,0.2870906615104511
0.5777855443769528,0.11264693703774761,0.10207180094131152,0.2074957176439879
0.4713214710299973,0.12179047930636852,0.13128476184975346,0.27560328781388077
0.5248511864473429,0.07327407092223512,0.06185876473185274,0.3400159778985693
0.2296085936191889,0.1242338008356405,0.2748910968530961,0.37126650869207456
0.12611872378313704,0.13280135621148711,0.40054317619455143,0.34053674381082427
0.23230565610440576,0.13314921807506286,0.22916683955538525,0.4053782862651461
0.21544150636569537,0.1637084689134395,0.28362092462648997,0.3372291000943751
0.17398403374891488,0.20365856213194314,0.1925333645766025,0.42982403954253945
0.14979559003313475,0.40181268516104307,0.20992719292204817,0.23846453188377392
0.17545934765171703,0.19268828646672287,0.25257186841315316,0.379280497468407
0.21948588928950769,0.12219792415100818,0.3248911041586593,0.3334250824008249
0.08116169530484126,0.156830973283267,0.36332524429374263,0.3986820871181492
0.20816517602940152,0.1390928143114483,0.32310183875738546,0.3296401709017648
0.09235512157974457,0.05060563492760884,0.4748874030992885,0.3821518403933582
0.20220399299220398,0.0738682799763568,0.1600656460073129,0.5638620810241264
0.2201442956452619,0.11147213917629326,0.10190268753260966,0.5664808776458352
0.12978777940956684,0.2328471475971263,0.11510437890730295,0.5222606940860038
0.16334031259585877,0.3505032365543983,0.08708702899998194,0.39906942184976113
0.2843932225240015,0.14586757354432123,0.1336807553427543,0.436058448588923
0.23922017246729124,0.3552948293306006,0.08820933664329086,0.31727566155881726
0.2324370923355912,0.06098146420645429,0.03802301537990525,0.6685584280780492
0.6451977800268377,0.09841038485325813,0.07854157978198796,0.17785025533791618
0.2398381673122721,0.11800640589839555,0.15922115986756516,0.4829342669217672
0.30380397441540336,0.08837417094092531,0.03853024629676071,0.5692916083469106
0.09340927829860027,0.35348678240985365,0.1559862373422668,0.39711770194927926
0.13415615533670572,0.2513858420796705,0.12547630263659765,0.48898169994702606
0.15064942351674881,0.15173608230395358,0.17925831890335717,0.5183561752759405
0.18858099505472628,0.3102599113669146,0.09937558171652902,0.40178351186183014
0.11827469801253633,0.08975389335578968,0.05634011190663566,0.7356312967250384
0.17630404009197426,0.1308693274926886,0.09730043952608723,0.5955261928892498
0.24641193654878063,0.08079189571653797,0.06950652764514446,0.6032896400895369
0.27411277132928286,0.07666266318437599,0.044732309955978405,0.6044922555303628
0.6506732207335695,0.09045349181010895,0.06408445630502652,0.194788831151295
0.6093666390860255,0.14038324929922727,0.07094115889150779,0.17930895272323943
0.5814200175383348,0.09422615642535032,0.07463241091447154,0.24972141512184334
0.5649078344180799,0.09685999627105348,0.0769667392940936,0.2612654300167729
0.6044010868823955,0.09116011944481285,0.0527816390821437,0.2516571545906479
0.5646945291765352,0.13496242130230104,0.04350792581534324,0.25683512370582057
0.22762593680013948,0.17742009428076247,0.0839730341068516,0.5109809348122464
0.21270063555841812,0.09569924822965145,0.058257038312661553,0.6333430778992689
0.17283176361803096,0.3304512870682675,0.08414581416040177,0.41257113515329985
0.18029082846008082,0.29492283109729917,0.0856077924195204,0.4391785480230995
0.2452488010101637,0.26279402061165996,0.08209056775763314,0.40986661062054325
0.5628681040325992,0.12194255607631216,0.08145602093038855,0.2337333189607
0.4905912415217236,0.116509963737587,0.09818260164918417,0.29471619309150515
0.5478232129792525,0.13585085320994492,0.0593337756477647,0.256992158163038
0.5723190573668908,0.12864491154136432,0.04805110220160256,0.25098492889014223
0.6434221867023907,0.09770110647473879,0.06886083281784666,0.19001587400502387
0.5714001051657165,0.15163792744178298,0.05847456089001359,0.21848740650248696
0.4257614063268098,0.07406764699776074,0.04040553735709718,0.45976540931833226
0.27035657949689484,0.13691244325670648,0.0652201132678358,0.5275108639785627
0.22653222060442305,0.16588895429091938,0.053507545710287235,0.5540712793943703
0.4271532036981203,0.10303843760539505,0.04194109902534045,0.4278672596711442
0.31226343523997346,0.06226249254792446,0.04186456160766815,0.5836095106044339
0.26724903697366825,0.1735978849665616,0.049867800004751904,0.5092852780550181
0.18489079153657778,0.20001074696488225,0.038360946518884984,0.576737514979655
0.2169710210118981,0.061736558099282086,0.03983853947501286,0.6814538814138069
0.23077642486064295,0.2151832586541835,0.043874215501994364,0.510166100983179
0.3231767499760079,0.08244575280103399,0.05514656622532849,0.5392309309976295
0.613923039984487,0.10932681524120108,0.08071884763034097,0.1960312971439709
0.6260694195745161,0.118385195191509,0.06167547191045442,0.19386991332352038
0.6246169053212838,0.11651522048514938,0.06455368975632675,0.19431418443724002
0.6566806556447455,0.062414094847705576,0.10032266051288154,0.18058258899466734
0.2757998647988105,0.20793259347785925,0.22497947228371554,0.29128806943961477
0.22770060293675756,0.16710758441398776,0.22896043743068872,0.37623137521856603
0.2713667814070443,0.20243005458916347,0.060895618226755266,0.46530754577703703
0.24157122609964282,0.12326450523723113,0.2741062749755096,0.36105799368761643
0.19955153376930035,0.10411077694627405,0.33599217849398555,0.36034551079044014
0.22143778649138812,0.12782863193790542,0.30109472729313375,0.34963885427757274
0.4462394391710673,0.07811125655282504,0.04037709153427913,0.43527221274182865
0.22036188453232075,0.09465588553234382,0.09010243163150455,0.5948797983038309
0.17062887481869957,0.18159990247524613,0.04145606104811814,0.6063151616579362
0.3036747322913131,0.07619999656426271,0.036897268667963966,0.5832280024764602
0.21252605679956163,0.23277975469202686,0.07675624346551532,0.47793794504289616
0.21380900139095665,0.32320393552287374,0.04953546961474521,0.4134515934714243
0.17063959186391614,0.3038910832245001,0.04375426825748182,0.4817150566541019
0.2023112742660209,0.08722035182305442,0.05684586829242554,0.6536225056184992
0.18740319246918674,0.09130728730800333,0.14518567058876414,0.5761038496340457
0.20549804148296152,0.18231032090736193,0.25787676145124,0.35431487615843654
0.24302891933442375,0.13288622864586505,0.16807282254126837,0.4560120294784428
0.24053109808296494,0.18584134848679135,0.19829666238657534,0.3753308910436683
0.16826012000344392,0.30979985878358796,0.24080779110846068,0.28113223010450744
0.21454662672403765,0.2669614245555151,0.16254790586005996,0.3559440428603872
0.22330015302481399,0.2935574722953,0.1396446893634005,0.34349768531648545
0.2356494220537944,0.20755157714011238,0.23848749301090927,0.318311507795184
0.1805141646160107,0.16682683241161583,0.2898156998198865,0.362843303152487
0.1894480384922859,0.0856738857375878,0.15514653423949604,0.5697315415306303
0.15034598721948383,0.2784566560462429,0.06420629604574465,0.5069910606885286
0.28324129408318516,0.07150301342467048,0.03929439569323947,0.6059612967989049
0.18800703028385107,0.24344920906872167,0.03948985643756731,0.52905390420986
0.3265242278121344,0.08289357974376386,0.03923534638840278,0.551346846055699
0.2423299602168525,0.12537983967819852,0.06076475938416383,0.5715254407207853
0.16105403074042748,0.21905970579878759,0.17947697712775257,0.44040928633303233
0.220320764948984,0.2879269943056791,0.19319346759847114,0.2985587731468658
0.6393721297461498,0.13057372765949712,0.06690497076471534,0.16314917182963778
0.5490201681843766,0.12494176078557886,0.1097444241063252,0.21629364692371925
0.49895785114196384,0.1546960717369783,0.12872899754234046,0.2176170795787173
0.5825521724422208,0.11546419740024681,0.055435383196516905,0.24654824696101546
0.1861575483422774,0.16151427723082423,0.050311216269959276,0.6020169581569391
0.3885520903288311,0.08826737855901046,0.04275900975120414,0.48042152136095423
0.29901513209908775,0.07713535050867136,0.05192925960293862,0.5719202577893022
0.2174325210791837,0.14313188035343635,0.043586616106634085,0.5958489824607458
0.2059816055181298,0.08514677205461195,0.047607516007818734,0.6612641064194394
0.3180991836417662,0.08243849455560384,0.03477716591493848,0.5646851558876914
0.5976839429485103,0.14289077008847448,0.07504507770082397,0.18438020926219106
0.6380557350332908,0.08626865895788141,0.09690843339144217,0.17876717261738564
0.14682779074815863,0.2204488535171643,0.0483648386212756,0.5843585171134016
0.3099748814955576,0.0739695822510301,0.043196907852245364,0.572858628401167
0.26680035302939403,0.11823495174331558,0.2307570340683294,0.38420766115896093
0.22333175109665537,0.1733627345663485,0.28724770243666586,0.31605781190033033
0.18462310672099957,0.20856831506605122,0.07410797586306662,0.5327006023498825
0.23281867340123738,0.1996804722530453,0.22114209614039684,0.34635875820532047
0.28634269810193114,0.11411145110923145,0.10526086950807743,0.49428498128076004
0.29303739672355517,0.0753229178624338,0.07168471916263866,0.5599549662513723
0.19838676587284776,0.24212686636081304,0.1553866948545208,0.4040996729118184
0.14088478720288838,0.17917351564201572,0.0719325248984309,0.608009172256665
0.1728498498676938,0.17371575988659327,0.2763434085788069,0.377090981666906
0.30756186339761526,0.10961951010504185,0.20253101940431312,0.3802876070930298
0.2114511819890353,0.11854363405085366,0.258129328624189,0.411875855335922
0.28497117836385855,0.11953919914957194,0.27827444272545926,0.31721517976111013
0.17506972612964591,0.3071844390518182,0.0899386348132378,0.42780720000529804
0.31474703191295444,0.13891903147823886,0.06294649083165368,0.4833874457771529
0.6618194509415251,0.13438466063753832,0.057768786792747516,0.14602710162818905
0.4690252446960063,0.10636926739533524,0.0456232943491351,0.37898219355952334
0.23737921569984352,0.09518427869035788,0.04916973262995901,0.6182667729798396
0.13677428312458245,0.3221030633650962,0.21452379124629664,0.32659886226402474
0.2506969329637634,0.10792250761738846,0.21461184925037333,0.4267687101684748
0.2950210412859155,0.09992721298079592,0.18486814768755552,0.420183598045733
0.32008479794498984,0.14128891618489706,0.07804519129291355,0.4605810945771996
0.21276991947981624,0.10082479797816614,0.15927725031044523,0.5271280322315725
0.20171421744647489,0.282281176678494,0.11333301051768079,0.4026715953573503
0.13067362900428475,0.18488999953142873,0.13463282339646684,0.5498035480678196
0.21508808317678818,0.2224370507350393,0.04011450736271027,0.5223603587254622
0.12359304842716354,0.4036356203757979,0.08210951205788819,0.39066181913915027
0.21372484019152713,0.32173190524034373,0.08443579856396549,0.38010745600416357
0.18967945664626926,0.2133557639550183,0.18024266800934374,0.4167221113893687
0.1195313198848074,0.14997385487657738,0.36124047680097193,0.3692543484376433
0.1710888603277533,0.21242607736598348,0.135024955124589,0.48146010718167415
0.19524594546841748,0.26134075905710824,0.10509060824266427,0.43832268723181006
0.3143123020026928,0.21665084878366322,0.08285731449375222,0.3861795347198917
0.2069854465755093,0.3044002080014232,0.05907588676021317,0.42953845866285434
0.3379032111180375,0.11368656929201776,0.08632582895550397,0.46208439063444084
0.5538117278821706,0.14414702105212984,0.07031820591333883,0.23172304515236078
0.5413877638135683,0.15069705114266826,0.0724071510918158,0.23550803395194744
0.671149172287265,0.12879683644629628,0.05188461038755318,0.14816938087888556
0.5774613386608907,0.10228357683169527,0.1018257222056962,0.2184293623017179
0.5616712999742944,0.08752423790852557,0.11650256605697247,0.2343018960602075
0.6658479000250054,0.10841199150228208,0.049579917002202906,0.17616019147050963
0.2774598925497186,0.07009243223596068,0.03431546864545187,0.6181322065688689
0.2153983988428873,0.10026387691221067,0.12203461703310199,0.5623031072118
0.21592636829234713,0.22771363410355958,0.043513431629379665,0.5128465659747137
0.34479861506626797,0.15842134653305792,0.10308684645790456,0.39369319194276947
0.48945475570621744,0.13749993983645356,0.054182651275872754,0.3188626531814563
0.23619269256076178,0.1381155725104244,0.09758915515230486,0.5281025797765089
0.2127508717426146,0.23839183053292468,0.1117017470564087,0.437155550668052
0.25329705573423283,0.2017863464827447,0.16552145331486737,0.3793951444681551
0.2157812693105583,0.23047751270523806,0.04545483446438177,0.5082863835198219
0.450462002503751,0.08595038446954407,0.058096554998816684,0.4054910580278882
0.6251577615006662,0.0979031903059354,0.05914465937373172,0.2177943888196665
0.5759905584927902,0.10607276285903802,0.08006386856065376,0.23787281008751798
0.36363884361097537,0.133029267720532,0.09459118508162513,0.4087407035868675
0.3346826726413721,0.08398615040924216,0.08087559380851163,0.500455583140874
0.5781420410313288,0.13199028826485923,0.07052632242817458,0.21934134827563742
0.2745040854539253,0.23260043046836867,0.04856740683697324,0.4443280772407328
0.2513066316125904,0.14718554206957143,0.09466419328872933,0.5068436330291088
0.20676779806288165,0.17074956264714042,0.058367026301137874,0.56411561298884
0.23304655762177062,0.20832613102085773,0.11718563880282125,0.4414416725545504
0.21978777567619004,0.06953793757890299,0.052452048581706975,0.6582222381632
0.24132550154242854,0.21785089425363294,0.05364455578609723,0.48717904841784115
0.28828911497329973,0.18064396387442258,0.0859440596618836,0.44512286149039415
0.21267536115001312,0.11331292267492306,0.14144573317423714,0.5325659830008267
0.5997514142922448,0.11199446000019657,0.09042362497189706,0.19783050073566158
0.4166985709172958,0.08450134039338777,0.044045478300488376,0.4547546103888281
0.6026502191427826,0.09459266020017076,0.07059115005083877,0.23216597060620778
0.5691662865070244,0.11516184915961608,0.0431553388764125,0.27251652545694705
0.5238607275019217,0.12028003114861334,0.04676583376920542,0.3090934075802595
0.3156341874539083,0.07817366258055117,0.03680594951878779,0.5693862004467528
0.5397307928684655,0.12500269547160783,0.0468334708154891,0.2884330408444375
0.3600193898627805,0.12985102898417705,0.08592843342869401,0.42420114772434847
0.23550881753572647,0.13939572211439324,0.05293993022783688,0.5721555301220435
0.25771014409602616,0.18088057635071242,0.0367288356964135,0.524680443856848
0.3701859427596202,0.12269553815846611,0.07952817857602643,0.42759034050588735
0.3790309038335025,0.06699109016050946,0.03900383817285957,0.5149741678331284
0.19932334083625228,0.2693597542490887,0.05037808342189497,0.4809388214927641
0.11932204102199902,0.11704674275423775,0.07575150196451823,0.687879714259245
0.21670608018065107,0.11750703435541553,0.08491302894106569,0.5808738565228677
0.3568135516511578,0.13005007249924672,0.055126096646253814,0.4580102792033417
0.3129966923337191,0.12782851557679287,0.0879799114890679,0.4711948806004202
0.36079618643847183,0.11662265366395072,0.052898723682933156,0.46968243621464434
0.23085048463126254,0.19899898553037756,0.06862291434750893,0.501527615490851
0.3334335856053833,0.19191427022725852,0.08255235410825727,0.3920997900591008
0.2779383076414407,0.14095355594357947,0.0798122755234965,0.5012958608914834
0.1887229687600926,0.34886285857583094,0.12190988420452925,0.3405042884595472
0.2844581307481995,0.20411601848146924,0.2567831704886554,0.25464268028167586
0.12234495437104978,0.37441335373300544,0.17833519283734914,0.32490649905859575
0.290632155090601,0.23943311634629758,0.07671888134566246,0.39321584721743896
0.25847376301945774,0.31494608992000345,0.08471061608540838,0.3418695309751305
0.251275746052024,0.13400844437985457,0.19702989462217976,0.41768591494594165
