GC,PGC,OSNs,M/TC
0.664093171466232,0.14616073503681457,0.06435293475080321,0.12539315874615015
0.3418356718457766,0.2597408686863509,0.09997517076621167,0.2984482887016609
0.35174480248159856,0.21434294327947337,0.21194941220873317,0.22196284203019476
0.3526596148098509,0.17418149282608364,0.23359102191425216,0.23956787044981334
0.3853441283807006,0.16439065384421744,0.08269194628786568,0.36757327148721636
0.3905896784566583,0.2217607337766334,0.06560992111876542,0.3220396666479429
0.44484282884470916,0.14423529910620095,0.06152948566997765,0.34939238637911235
0.6856471964113464,0.13761453742715063,0.060621670517167964,0.11611659564433495
0.3449709368592255,0.16436949848380042,0.09198564946997378,0.39867391518700035
0.2966241632243998,0.27449911551775186,0.16982955859768853,0.25904716266015987
0.27656948973044354,0.20597009258944216,0.3817368338067837,0.13572358387333064
0.3199392204737098,0.21399883398934455,0.265965814415292,0.20009613112165367
0.3877658272354675,0.18731020428159517,0.27906272695695317,0.1458612415259842
0.3461984166876439,0.2482534616535818,0.2347548236335319,0.17079329802524243
0.36067252148567974,0.3129886141292569,0.18009034396260368,0.14624852042245956
0.3353431270798425,0.23829113106245764,0.08587289795091564,0.34049284390678425
0.47048386855350527,0.19215993243724808,0.08837710647942068,0.24897909252982592
0.6475657347113274,0.17665521101013648,0.06988243295661407,0.10589662132192211
0.6195069562872177,0.1394128193981168,0.0953197772783783,0.14576044703628707
0.5649146461853148,0.19247780258559422,0.099669184610178,0.1429383666189129
0.6536817873012085,0.14768273068785612,0.08226257387518476,0.11637290813575053
0.6747276287771714,0.13552466017391826,0.06565113246618033,0.12409657858273003
0.6720016751440917,0.14060358402270295,0.07928319564514748,0.10811154518805795
0.6757082575157649,0.133560119653471,0.053742147570839845,0.13698947525992425
0.6102232629596097,0.16336635719828227,0.06798301608889362,0.15842736375321437
0.33632210627801234,0.1863546340850886,0.07503086636808269,0.4022923932688164
0.45653816228043287,0.14836039786776298,0.06559967199172459,0.32950176786007973
0.560227407330437,0.15162446645237082,0.10032920065727992,0.18781892555991236
0.4462960777290234,0.15801552910001485,0.05708484094861581,0.338603552222346
0.609971037121858,0.14883283485993318,0.06292969314117894,0.17826643487702998
0.4130331862199946,0.19484384577212085,0.10705044886550513,0.2850725191423794
0.6861156898193641,0.1392977350069825,0.06113276397547596,0.1134538111981774
0.6389923521276141,0.15718019364752864,0.09745691816141393,0.10637053606344325
0.6490357380297074,0.10923823743110982,0.06698714173122713,0.17473888280795563
0.5484366964258486,0.15360758460541804,0.06364601414714674,0.23430970482158675
0.6598406965606,0.14357836691768133,0.06102532756650967,0.13555560895520904
0.5517868477110723,0.19633153649737972,0.1141052677725633,0.13777634801898458
0.6174307992361371,0.16153769321535702,0.0905216431023027,0.13050986444620327
0.6003392925638888,0.14029772627633844,0.08065758763493697,0.1787053935248357
0.2900272597487785,0.22620383602748298,0.061116971923821525,0.42265193229991704
0.3140785450715315,0.39219175640916343,0.07433029237566725,0.21939940614363793
0.4222845907184669,0.22537728755720737,0.08855171063894546,0.2637864110853803
0.36418553581793683,0.30920173928692923,0.12400383189105414,0.2026088930040797
0.37066121920845174,0.2636586369206179,0.15685334847465565,0.2088267953962747
0.28717853996886616,0.3630241528587737,0.07372113545833273,0.2760761717140274
0.3351120337442547,0.2983291980956883,0.17680589718323636,0.18975287097682056
0.4192374493744674,0.25389021833652803,0.14287027296634155,0.18400205932266295
0.4099760712892048,0.18555639128716048,0.19340311213650946,0.21106442528712532
0.40421784484123174,0.23590228778655548,0.13625602591797992,0.22362384145423284
0.4175601644208478,0.22873376846059668,0.14542898464917065,0.20827708246938492
0.4162528425762355,0.22032104760239551,0.1439819665013718,0.21944414331999718
0.33837862301947985,0.3031407297791849,0.10589800862768156,0.25258263857365376
0.35430663709800053,0.3186600592176294,0.08673660746244065,0.24029669622192937
0.3519767653770933,0.19222319798838222,0.07017485446785444,0.38562518216667013
0.2997842684613142,0.35367012681682614,0.09507802754305145,0.2514675771788083
0.6264150896256485,0.17263675310995297,0.0671152500941037,0.13383290717029495
0.40282973814054046,0.2030758586387894,0.094544629454595,0.29954977376607517
0.4053988652784494,0.2509714014277043,0.09078382153475756,0.25284591175908866
0.42240458786150853,0.18614105955813062,0.11915540293166545,0.27229894964869544
0.35224083109058346,0.13663318020201343,0.0640982936244586,0.4470276950829444
0.6284441138877502,0.14053746456049787,0.0999294146064645,0.13108900694528736
0.6444278566145566,0.14033462722432014,0.0729298486063919,0.1423076675547313
0.3851233263134707,0.14425641610636686,0.061871566715798285,0.4087486908643642
0.36207052115811617,0.27050022641703453,0.06818375720938218,0.2992454952154671
0.3451358064385021,0.2995723396750334,0.08108397010809237,0.2742078837783722
0.4395336988563686,0.17830734494522305,0.06959377378575726,0.3125651824126511
0.39479802866327196,0.18348146283678052,0.08024675356464801,0.34147375493529947
0.4093865820231788,0.29262729547619776,0.07346771639722229,0.2245184061034012
0.3112848503591076,0.27596054115401464,0.07192624035692427,0.34082836812995354
0.6855267757993108,0.12833117275336506,0.06323534652493817,0.122906704922386
0.3411727309300054,0.2134383644221162,0.07898657932694106,0.3664023253209373
0.7012858414106086,0.11519616691826233,0.06098308764872036,0.12253490402240871
0.6386761062892033,0.1373792744046038,0.08662010240978169,0.1373245168964111
0.6260348115966786,0.15047710060699077,0.08251549795285838,0.14097258984347233
0.6449787112938791,0.12036068335607564,0.10537088433308019,0.12928972101696504
0.635879766125242,0.14851414129296311,0.08564044553973814,0.1299656470420568
0.6061084859588904,0.15331935274791236,0.08179321664860442,0.15877894464459286
0.49661285166987773,0.18513328653831862,0.1556634225587724,0.16259043923303124
0.6192830120123013,0.13579009548722848,0.10928347317180065,0.13564341932866963
0.5473230036308819,0.20369972484027787,0.07376910692814188,0.17520816460069832
0.6538253582251239,0.14555296212743482,0.09540029385779611,0.10522138578964513
0.5132648986112204,0.17380629250235832,0.15319532238278608,0.15973348650363525
0.5759751742667187,0.1384314734115026,0.08200227913513292,0.20359107318664563
0.3759071495983905,0.16589352783895453,0.2879477421072304,0.17025158045542454
0.2620984887786178,0.16950981647997357,0.42963177584148327,0.1387599188999253
0.3335657632479746,0.21787708263834024,0.24455835467572717,0.20399879943795793
0.29555072734617127,0.24047213754524024,0.29886372990806775,0.1651134052005208
0.30281677622860914,0.29918034575434455,0.17457138423529814,0.22343149378174829
0.29932489165399495,0.3968403913808786,0.19350284927019296,0.11033186769493346
0.3100489810002285,0.275510218665115,0.2678535110447544,0.14658728928990217
0.3737373103847596,0.19442913969105285,0.27932181185582894,0.15251173806835858
0.22185660721069497,0.22931251863279659,0.37370815527465234,0.1751227188818562
0.3654655423020549,0.2047603098100485,0.2636577440203939,0.16611640386750273
0.2284141829785885,0.17147057692174222,0.4696213129602387,0.13049392713943056
0.3230115978523725,0.18123503827593573,0.17289284577523456,0.3228605180964571
0.33492792916644887,0.19021521689365847,0.11827935662596156,0.3565774973139311
0.30444161777652173,0.2870199766835938,0.11846323133005875,0.29007517420982565
0.2845639340793831,0.3928485070740594,0.10043688731241227,0.2221506715341453
0.38624758012391025,0.2152713920997651,0.14794049718038735,0.25054053059593734
0.34078684261574305,0.38050759802263245,0.10749957148909361,0.171205987872531
0.3503547492914525,0.14643619998230764,0.059857899142445804,0.443351151583794
0.6685797327884043,0.13104881577414323,0.07262723486966405,0.1277442165677883
0.39468788615597367,0.17593386790387464,0.14897972417727098,0.28039852176288077
0.4037261347251712,0.15732255748749466,0.058076076000864396,0.3808752317864698
0.26933336358936627,0.39952622813112676,0.1429293385954251,0.18821106968408186
0.2761990691777459,0.3207865737632283,0.12114282306512995,0.28187153399389586
0.32111264152059066,0.3173980718729648,0.16093414360081082,0.20055514300563365
0.31202699390622063,0.3745377861418924,0.13570865331941473,0.17772656663247205
0.2615204340040023,0.17480722833762544,0.08607435100666264,0.4775979866517095
0.2931929476505516,0.2054139214963821,0.11616546122395449,0.38522766962911176
0.337874263529179,0.16913605569658854,0.1023680542704874,0.390621626503745
0.3755351952154848,0.15349888956553742,0.06250787831529922,0.40845803690367855
0.6842711401008443,0.1192283317321317,0.07025258126618035,0.1262479469008435
0.6446454238769781,0.16568926926601737,0.07597878422096245,0.11368652263604215
0.6114378585159601,0.14818778169175426,0.08870070713082279,0.15167365266146285
0.6360151700235303,0.14796521292541417,0.0721975023204886,0.14382211473056697
0.652561776716162,0.13467402761959757,0.0738634205972411,0.13890077506699938
0.623915388093492,0.155442601638848,0.057057625837201635,0.16358438443045825
0.38592298069484715,0.25162975628924555,0.09907476993843553,0.26337249307747174
0.35314712513593727,0.17929447102808108,0.07450535194300027,0.3930530518929814
0.3065386097295321,0.389626105674337,0.10864598355416108,0.1951893010419698
0.3097540756594497,0.3342173067632072,0.11119114784201127,0.24483746973533185
0.3603589663326212,0.3481706814048002,0.10140109723342579,0.19006925502915292
0.5891606586030769,0.19567910577106662,0.08311485160326243,0.132045384022594
0.5444502933010077,0.15837207738730827,0.10019498133990398,0.19698264797177997
0.6156681542749707,0.16649236539168955,0.07338053593251943,0.14445894440082033
0.6359323547868359,0.15522575750583203,0.06868691014246582,0.1401549775648663
0.6710295420789282,0.12998169850359131,0.07329048201678005,0.12569827740070041
0.617958357268958,0.1724315397078252,0.0763369723420121,0.13327313068120458
0.5162677315538101,0.13918411576069953,0.05961490809649935,0.284933244588991
0.398389768357843,0.21373828844077827,0.0828834544051383,0.3049884887962404
0.34742722369622264,0.2517141267683803,0.07995451493681727,0.3209041345985798
0.49448574973307663,0.15517508998596566,0.0580990248843139,0.29224013539664395
0.4158359817652103,0.1267897925801848,0.06176342504270573,0.3956108006118992
0.39955207299787904,0.28177298843765114,0.07027192686854639,0.24840301169592352
0.2958711448205151,0.27874880848324074,0.056254311883997384,0.3691257348122468
0.3068755737693957,0.1291461221459537,0.06241557371650817,0.5015627303681425
0.3437389902877549,0.2645907210593213,0.06770579403051279,0.323964494622411
0.38459127105155533,0.17681207306063662,0.07961350098197141,0.3589831549058369
0.6428514444572585,0.13998031895811222,0.09054214977228418,0.12662608681234497
0.642785645325965,0.15521701999703838,0.07220130505012692,0.12979602962686956
0.6850689228127784,0.13215031712594807,0.07080958742761433,0.11197117263365922
0.6595800686986922,0.12158351034008892,0.09375389603051049,0.1250825249307084
0.35391607515640855,0.2481835454655317,0.22671011784481956,0.1711902615332402
0.35997125566878496,0.22434447378615657,0.20660716840566457,0.20907710213939396
0.366253118696938,0.26096741057923095,0.08900100465633308,0.283778466067498
0.32866958792639306,0.1858525028319757,0.28832292004607274,0.19715498919555852
0.33325633668909294,0.17330149277174758,0.30782187438966246,0.18562029614949696
0.3546137979974682,0.19268489215462423,0.3035068849273591,0.14919442492054846
0.49648534654065674,0.15694403651313948,0.05655826936920677,0.2900123475769972
0.35008130595525644,0.17227559279679544,0.09905401678929733,0.3785890844586507
0.307673743003033,0.24508286009888341,0.06373539707049616,0.3835079998275874
0.36534246951617627,0.1551478897517468,0.062038360898646075,0.41747127983343085
0.3633740971954581,0.28410109530759514,0.10285941148871347,0.24966539600823318
0.3205348128947303,0.38198785664265433,0.07689827404327666,0.22057905641933878
0.3118276142499121,0.3718061878740135,0.060608030355760886,0.2557581675203134
0.3394373364977023,0.16031447622478376,0.07268479283797404,0.42756339443954006
0.3695042444392983,0.20176595552531282,0.13948350880928778,0.28924629122610107
0.3240107438362233,0.2348332339960135,0.23658027764503067,0.20457574452273242
0.3944061184281594,0.1923563625604879,0.15531470808041287,0.25792281093093977
0.325108159958782,0.2564538614489421,0.21927673958786972,0.19916123900440624
0.30763742817582507,0.3340064435889213,0.21760992274420526,0.1407462054910484
0.36277011332656367,0.3095927432910278,0.14772833437016875,0.17990880901223968
0.3382218754564727,0.35571818494485974,0.13185767673621065,0.17420226286245682
0.3668466531476934,0.2695232282025975,0.2020323680130386,0.1615977506366705
0.3426338512699581,0.2238179926080227,0.23325591333635345,0.2002922427856658
0.34735953558516885,0.1749261384530845,0.15128497153645987,0.3264293544252869
0.2791542072516952,0.3430752256770007,0.09091632793754836,0.28685423913375563
0.35028966605209055,0.15463712954202352,0.05862770885318422,0.4364454955527017
0.285002014530315,0.34366728427404936,0.05994951249227818,0.3113811887033574
0.41547384015655164,0.14195398276333865,0.05459293801075848,0.38797923906935133
0.343588998006203,0.2020758588299392,0.08796648576179206,0.36636865740206576
0.31444271390710404,0.30337447226563663,0.1422966316977702,0.23988618212948912
0.3551472392262493,0.3330746183252662,0.17671189227737932,0.13506625017110524
0.6631729402008115,0.1413821601085794,0.08397213616956023,0.11147276352104886
0.6071218190471162,0.16906273063610008,0.09861736871118466,0.1251980816055991
0.5514989428136676,0.19558429402329625,0.12219256738210708,0.130724195780929
0.639181499592972,0.15123482736236168,0.06969845921864776,0.13988521382601868
0.3208079104031345,0.24919490133548677,0.07042265949981383,0.359574528761565
0.4617981395234043,0.1601977651347232,0.0678575309618003,0.3101465643800722
0.38778575570493834,0.16809363811785077,0.07891790635958458,0.36520269981762626
0.3324340388662586,0.2061190724900833,0.06592429587420724,0.3955225927694509
0.3088673213340786,0.15942811794913142,0.0706244675883526,0.46108009312843734
0.3936042410806538,0.16107650419735972,0.05737022441342422,0.3879490303085622
0.6010375781607897,0.18298892576732995,0.08443405137975744,0.1315394446921228
0.6736603490559838,0.12271786147007527,0.0929303754322491,0.11069141404169182
0.2679972921927357,0.303922967047542,0.06265446150041377,0.3654252792593085
0.4181495085311017,0.14149817393869804,0.05903219118870301,0.38132012634149726
0.4515101598415171,0.15920880165158086,0.22697979438640573,0.1623012441204964
0.32221460603821517,0.2228077435224613,0.3138356313756579,0.14114201906366547
0.30719912364119073,0.3086621780706287,0.08382571470709223,0.30031298358108843
0.35259645618028673,0.2947326700259539,0.15839802028214003,0.19427285351161935
0.39509148949672995,0.2134445361796126,0.10833400155887633,0.2831299727647812
0.41387677991964067,0.15925973991419803,0.09631272974154591,0.3305507504246154
0.3217990551787214,0.2876526839499265,0.15910250075859447,0.23144576011275758
0.3449688382981129,0.24354770139248605,0.07191824931376414,0.3395652109956369
0.2977974293661565,0.22626916372436703,0.2694662487117915,0.20646715819768505
0.43814423565441424,0.20446299001334042,0.1603081919025554,0.1970845824296901
0.3605245824905618,0.21671239685460214,0.20490110145647242,0.21786191919836348
0.39081582425923794,0.20578694099031208,0.21850020671221534,0.18489702803823474
0.31660051053621413,0.41165095271702185,0.10124951695731324,0.17049901978945078
0.3920083235238209,0.24010836353762566,0.08746682327443353,0.28041648966411986
0.6916605133553999,0.13616221568099493,0.06630129612364125,0.10587597483996393
0.5103755917668097,0.1687089548279814,0.061552834931156694,0.2593626184740521
0.3269587397218398,0.18403536661372294,0.07461800717999766,0.41438788648443964
0.3022751351219856,0.36395071987325095,0.17969239551891697,0.15408174948584638
0.4215211333039329,0.18868795531223928,0.17572241869627753,0.2140684926875502
0.4320386926081976,0.16455713580019674,0.19957439862734502,0.20382977296426052
0.45473145189632946,0.20248122150685505,0.08756268241019334,0.2552246441866221
0.37878454433495506,0.22719886915897644,0.14070083412624732,0.2533157523798212
0.3609911033063009,0.3490229276532554,0.11298953433929643,0.1769964347011472
0.29696783230145285,0.24653773278902402,0.13317475842270268,0.3233196764868205
0.31506790830905185,0.313218657420332,0.06175349177429306,0.3099599424963232
0.298550487672941,0.4251833462896123,0.06707309496839968,0.20919307106904703
0.3129272553859633,0.3904950130544743,0.09270819492402499,0.20386953663553736
0.3383195913235372,0.2688362440820312,0.18219753092333446,0.2106466336710972
0.26307913738757205,0.25435815535687706,0.3086964491857721,0.17386625806977862
0.35376719426189174,0.2718619809203904,0.11185551777192974,0.2625153070457883
0.38594363468352266,0.3225190460214008,0.08787432692896233,0.20366299236611415
0.41416322120786464,0.2864990581293131,0.10123827602498554,0.1980994446378368
0.32116323247101625,0.4090227089838504,0.0754939393875752,0.19432011915755815
0.46082603839930947,0.18880869876097428,0.09970393531714239,0.2506613275225739
0.6173728010377936,0.16083720877220725,0.08236848915236016,0.13942150103763917
0.5981586556208413,0.1748350058749412,0.08470938196263049,0.14229695654158714
0.6877592110764095,0.1435014031314918,0.06497971901840978,0.10375966677368896
0.6644456327156272,0.13167499147862388,0.08442478458107179,0.1194545912246772
0.6253407802771849,0.13348709845485623,0.10478199831925124,0.13639012294870761
0.7065642428619299,0.13091083600853212,0.05820448163786087,0.10432043949167714
0.3691364435280795,0.137276195286606,0.05153935176188157,0.44204800942343286
0.3614137327856716,0.17796775981614218,0.13438553318374688,0.3262329742144394
0.3263574272606793,0.292055278983326,0.0654265193037633,0.31616077445223134
0.46341791207489796,0.2200951368878222,0.09182433969711516,0.2246626113401647
0.5598902903204406,0.18395861798336963,0.06749792134746199,0.18865317034872783
0.32142137271811216,0.2380321064248735,0.11256104493369463,0.3279854759233198
0.33650891915897063,0.3125023999292918,0.10276127319543822,0.24822740771629914
0.35297211461683453,0.25312573007732964,0.14669176297012648,0.2472103923357093
0.32198429071835205,0.30119254502440485,0.06578459822867262,0.31103856602857055
0.518170013404778,0.1506068053176699,0.07126306084676717,0.259960120430785
0.6225825429222634,0.161633346498127,0.06788385603698474,0.14790025454262493
0.6141444291692684,0.15551336192127893,0.08465781655638778,0.14568439235306496
0.4533786410747199,0.22547476426784702,0.0932679214185049,0.2278786732389281
0.4887044084389543,0.16766051729375103,0.08271734887860661,0.26091772538868796
0.6337694162395163,0.15327208089866057,0.07642890174865676,0.13652960111316623
0.383395439708777,0.28133411300212435,0.05938461982749114,0.27588582746160745
0.45802335516334974,0.25784870830116136,0.08865865423391575,0.19546928230157312
0.3347830850757825,0.23039073459665974,0.07453068979662532,0.3602954905309324
0.4008590699629588,0.26335682219485895,0.09678751647867205,0.23899659136351034
0.3236733433811845,0.16708489045378833,0.06866614268775169,0.4405756234772756
0.363343415730605,0.28970928143488406,0.06424890476093223,0.2826983980735787
0.43213848656221243,0.25025334880892774,0.10294189384306014,0.21466627078579978
0.34882025417037604,0.1987030234178594,0.17162921898529812,0.2808475034264663
0.6172873380741876,0.147124335277321,0.08861774017281834,0.14697058647567324
0.5060630506802157,0.14185521704103693,0.05833820843066804,0.2937435238480793
0.6339699883811899,0.13899386208553766,0.08796346051061303,0.1390726890226595
0.616714839839991,0.15060533123027467,0.05391833443782544,0.17876149449190906
0.6016566406060866,0.15940416190825105,0.07048426592848679,0.1684549315571756
0.37184359881474416,0.14717469642152714,0.05532677626362629,0.42565492850010256
0.6082408107649577,0.16058058657339325,0.06592203688053183,0.16525656578111725
0.47020089320912856,0.2235327672413002,0.09238309278441215,0.213883246765159
0.3944832242510999,0.20316779167158042,0.07133054461842361,0.3310184394588961
0.35719206688260824,0.26189774401816895,0.05500165514123909,0.32590853395798386
0.5290135082873868,0.17191627141980617,0.07741607877245024,0.22165414152035684
0.4521434403178167,0.14341668452283846,0.05708680929091677,0.347353065868428
0.34134522595188344,0.32167315232055077,0.0671668351806248,0.26981478654694113
0.2594950856892852,0.21326577138560932,0.0826989999454952,0.4445401429796102
0.368595327904912,0.18037732069297938,0.08580668246197629,0.36522066894013233
0.45018887639268873,0.2145244222003528,0.0827330500569238,0.2525536513500347
0.43109215571801784,0.20179336057975178,0.07019743245211138,0.2969170512501191
0.4611054597031724,0.19340525885573806,0.06814561736170359,0.277343664079386
0.3426220156535875,0.2566562876271782,0.07333109968859408,0.32739059703064016
0.45840366763586116,0.23479689180882599,0.07689672711310784,0.22990271344220492
0.3804349400649127,0.19755306809548148,0.09174309799932093,0.33026889384028496
0.34943579373767436,0.37991854209355425,0.10681894105042672,0.1638267231183447
0.4088207599166005,0.27323061884558386,0.17282959932527842,0.14511902191253723
0.35861300150889,0.4046814332802391,0.09420543491344541,0.14250013029742556
0.4146296947561415,0.29618305160247194,0.08281816539837218,0.20636908824301456
0.34223884279809197,0.3920458365226676,0.08283461601848836,0.18288070466075204
0.41399748602674435,0.21261377106518012,0.18794603487601277,0.18544270803206284
