GC,PGC,OSNs,M/TC
0.691657538836989,0.10767641980834305,0.08381988419719966,0.11684615715746842
0.3112788498318956,0.26825813280442895,0.13523622557507117,0.28522679178860433
0.3425641884983634,0.18265143094692568,0.2844818407251275,0.19030253982958345
0.3098758701968174,0.1517386502126923,0.3427387062088726,0.19564677338161782
0.4442279452964701,0.11681029751784641,0.12639003306808813,0.3125717241175955
0.3511478031280721,0.23471856961563864,0.1181864953988276,0.29594713185746163
0.4422394989996033,0.12525492488417392,0.09289034043975439,0.3396152356764683
0.739421300702494,0.09503257992532742,0.07089276829280527,0.09465335107937335
0.28258217727335827,0.1547610131061115,0.1851702924728023,0.377486517147728
0.25839062925483813,0.2543270944707233,0.24980918036260583,0.23747309591183272
0.19289684737009657,0.14598064793197774,0.5102419168552049,0.15088058784272074
0.2667415971074113,0.23477712910911605,0.28352992194146487,0.21495135184200787
0.35122706754037253,0.1394838553159028,0.377826392524477,0.13146268461924782
0.2689417321458886,0.22459102395585662,0.3337457033219956,0.17272154057625927
0.2753477475431709,0.3737753061184828,0.20815029190109224,0.14272665443725407
0.28107133513012666,0.26131260361542963,0.1215686724517976,0.336047388802646
0.42508876361654657,0.17579054091202784,0.1762020222503,0.22291867322112555
0.6672329389430401,0.13465732130310307,0.1035328982298929,0.09457684152396391
0.6390342029212039,0.12347040065850573,0.11340211644212504,0.12409327997816516
0.5327714002160048,0.17899132063256776,0.14577306807052678,0.1424642110809007
0.6853916367698241,0.11222609021355393,0.10292257495554076,0.09945969806108138
0.6193565263227148,0.13552440294558324,0.11956044831650886,0.12555862241519322
0.6690916359172681,0.10802318946487141,0.10884772387949658,0.11403745073836401
0.6447921127446388,0.12082614338532012,0.1001320156429266,0.13424972822711448
0.63065921741533,0.11885990941484273,0.10283027651974655,0.14765059665008068
0.28427617456964865,0.15183017629677864,0.10187802141737608,0.46201562771619664
0.44626950031636187,0.1248232778893394,0.08868283666650538,0.34022438512779335
0.5547682065129138,0.13361244008361972,0.17560693281764012,0.13601242058582635
0.4419618898527069,0.14488796939359108,0.09317024269343582,0.3199798980602661
0.6423542881110756,0.1253884473514242,0.09213365464476517,0.14012360989273492
0.3551532278422909,0.21664060909570612,0.20596258255916614,0.22224358050283688
0.6729475013158455,0.11520780985872277,0.10151532088238262,0.11032936794304907
0.5891334412970414,0.14087446572513934,0.16260739330175494,0.1073846996760643
0.6802554337978424,0.0935953536596192,0.09333721782885437,0.132811994713684
0.5991938776815625,0.1226883645051056,0.09910964665885369,0.17900811115447837
0.6625203948706552,0.11984699724807414,0.08698785937994917,0.13064474850132154
0.5607721507782127,0.14581877444010588,0.16562602382457003,0.12778305095711126
0.5595322199282864,0.12622804126266213,0.16625719275568823,0.14798254605336328
0.6387675250831343,0.11178047218486756,0.0953097810968266,0.15414222163517166
0.28498325559122806,0.17964691137847244,0.0946628436312592,0.44070698939904024
0.2563965528152053,0.4300258013976878,0.09764520409473898,0.21593244169236786
0.4099905414422446,0.23765451474421023,0.1588608939464307,0.19349404986711452
0.29857355849981476,0.2634940970392614,0.1991119012542889,0.23882044320663492
0.3991088979692316,0.2424421934973782,0.18495290193943686,0.17349600659395328
0.23723339587766723,0.3300245996325673,0.12935230488790522,0.30338969960186013
0.28974396048745293,0.2082532056397674,0.29982755467264194,0.2021752792001377
0.42589185911706484,0.2082749479447795,0.19966651354869022,0.16616667938946536
0.3283640528371927,0.19940734481171293,0.2680420850128854,0.20418651733820892
0.37554815761552524,0.20011583212390247,0.220212292504553,0.2041237177560194
0.38878370346157043,0.24478901135265468,0.1779983366736228,0.18842894851215208
0.39629873439796803,0.16397762842206562,0.21114575517850065,0.22857788200146575
0.321424347764247,0.26619478048350753,0.16032981567446178,0.25205105607778366
0.3391445006029643,0.3121927305180738,0.1207671438702323,0.22789562500872967
0.35179303696754666,0.16271375127623863,0.13211643051523214,0.3533767812409825
0.3019939498545229,0.36232363525247574,0.13296584866810576,0.20271656622489573
0.6358904774323781,0.12843511200251617,0.11010132898209078,0.125573081583015
0.40149434904079173,0.18599193342562814,0.13527888423519685,0.27723483329838333
0.41635888078627364,0.22443818951262764,0.1573260865851749,0.20187684311592383
0.3830115974054111,0.13583207748322235,0.159010056796247,0.3221462683151196
0.32483169726038663,0.13068833459522383,0.10262208678163734,0.4418578813627522
0.6374195344748415,0.11559819536299792,0.1312060142004699,0.11577625596169092
0.659375514784126,0.11305022338231571,0.10528310406942873,0.12229115776412948
0.3764416022676866,0.11801018674487894,0.0907525484620695,0.4147956625253649
0.3255198669911846,0.25762322707721075,0.11588779532445267,0.3009691106071519
0.3216909040808946,0.21415111384295565,0.16129564510017627,0.3028623369759734
0.4189513134721218,0.15935409712856197,0.13672674933544648,0.2849678400638697
0.381927842737837,0.1521698144826719,0.14017880603931374,0.32572353674017746
0.3822083196097883,0.30748187013438544,0.11598838859745143,0.19432142165837485
0.3062024916704122,0.24990229303841802,0.13364175929129274,0.31025345599987714
0.663584940959295,0.10737273916427659,0.102725138810228,0.12631718106620046
0.3074633937826836,0.15825836365561477,0.1414503555661859,0.3928278869955158
0.6800341556846069,0.11049674799399752,0.08784276981294467,0.12162632650845086
0.624648568400122,0.12163167290983837,0.11811868836258388,0.1356010703274559
0.5790410042658439,0.13568257513338675,0.1358566976226762,0.14941972297809314
0.6080617232054168,0.11133573458110552,0.15073564830400835,0.12986689390946923
0.6037142172156956,0.12041376669893866,0.14948426358227754,0.12638775250308826
0.6106533337898559,0.12514787061054952,0.11166132617642298,0.15253746942317162
0.4458983864820328,0.18732820016332422,0.2085556530540444,0.15821776030059864
0.5716610833447288,0.1269564903939495,0.15159264432430108,0.1497897819370206
0.5641018876998491,0.17185474479332258,0.10911685456185899,0.15492651294496942
0.640656696474396,0.11858009972978142,0.1296835017755097,0.11107970202031281
0.5057437891651465,0.1741535207474645,0.18582238437561352,0.13428030571177543
0.6006500739783618,0.12462177761563858,0.105894591367628,0.16883355703837175
0.30447047401407445,0.1884700315381737,0.34661774084787794,0.16044175359987384
0.25473324294056165,0.1810894769578714,0.44387239183526106,0.12030488826630606
0.2827957693627447,0.1678379812306227,0.3003915409638673,0.24897470844276542
0.2550660740519445,0.282063329838394,0.3123424631816692,0.15052813292799236
0.2806445005109362,0.24977400970089447,0.262677723736353,0.20690376605181643
0.24653795427545336,0.44547933726294636,0.18837713310370266,0.11960557535789756
0.2435416044810916,0.22792314212856185,0.33097107845859935,0.1975641749317471
0.2980335900001751,0.16474576003028094,0.40702365398182894,0.13019699598771506
0.21386637778497208,0.1745539519691336,0.4110686888079825,0.2005109814379119
0.2901648890043568,0.15811350883017053,0.36929927406153384,0.18242232810393877
0.25436238549507695,0.20971712927350714,0.4038871930480537,0.13203329218336218
0.28241091679417857,0.14740943301048032,0.2840288152216993,0.2861508349736418
0.29976567131693593,0.1610185869042857,0.2360753708447997,0.3031403709339787
0.2766618036254712,0.23601538425237129,0.21341243479161429,0.27391037733054324
0.22097627256506427,0.4906253873159602,0.12674212715472447,0.16165621296425117
0.3992210328755546,0.2056543575736563,0.16463501876513306,0.23048959078565592
0.26166803023557655,0.46095281235394575,0.13559511954496414,0.14178403786551344
0.3547113572689184,0.1127806724497614,0.08622054420546392,0.44628742607585625
0.6811352890009027,0.11663728436405352,0.09222939897348977,0.10999802766155416
0.4053534381560197,0.16321386056518247,0.22540612718088177,0.20602657409791603
0.37363444599282886,0.13077284524348193,0.09542931819584824,0.40016339056784095
0.2631741019768742,0.41296749311924663,0.14144495942937346,0.18241344547450575
0.29288780961854877,0.33511663744149295,0.18358169459063062,0.18841385834932775
0.2989088006987656,0.25219085539053704,0.28664743604824094,0.16225290786245639
0.28161999966330153,0.3730870401369077,0.1897343033005859,0.15555865689920492
0.26792227862398393,0.16761742119710868,0.12712342903902793,0.4373368711398794
0.2556065045163857,0.14931130838289966,0.21320945731703778,0.38187272978367687
0.3399140320348792,0.14265713232218402,0.1609304753455612,0.3564983602973757
0.4217338623367411,0.12590954732947204,0.09145064764583077,0.36090594268795606
0.6782306287819124,0.09633460826607071,0.10580308551498052,0.11963167743703634
0.6424179023608145,0.13373009715870118,0.10653474284787737,0.11731725763260674
0.6328219170772182,0.11595024137005956,0.1202196133975688,0.1310082281551534
0.620090072953779,0.12344541727065957,0.11273440165656431,0.1437301081189971
0.6837179773749734,0.10154843902983805,0.09193237590488466,0.12280120769030396
0.6661744722411067,0.11555540362316273,0.09302381110765823,0.12524631302807232
0.3164258089976182,0.28721584001876976,0.16839613610980866,0.22796221487380341
0.30509889652924604,0.1776909931655584,0.13508235762262627,0.3821277526825692
0.235599481752134,0.42283290060266665,0.1805654392172163,0.16100217842798295
0.2544705892951887,0.39731738817624374,0.15338393813704054,0.19482808439152707
0.3338424075798401,0.35021212467477875,0.11615547280867852,0.19978999493670266
0.5993333883331383,0.15179869124319345,0.11635513154710585,0.13251278887656237
0.5442640015437187,0.1511081084572521,0.13861479150899292,0.16601309849003623
0.6416808656218399,0.12150254221795409,0.10146087866086352,0.1353557134993424
0.6620253881992012,0.12088808118715383,0.0972977343596674,0.1197887962539775
0.694006993854594,0.10494253295520092,0.09194220123854245,0.10910827195166285
0.6309648955979528,0.13050156559252962,0.11400625592749773,0.12452728288201986
0.5511923122096765,0.11996714739599672,0.08567747585589008,0.2431630645384368
0.3689660942872578,0.24644263433953095,0.1430831640011687,0.24150810737204265
0.31797591426425964,0.2554619092765097,0.1320330389221911,0.2945291375370395
0.5295252764361126,0.12572950463328147,0.09059285639065912,0.2541523625399469
0.4437945278722124,0.12738333801619142,0.10841006918256611,0.32041206492902996
0.4168095134329569,0.23750589725566304,0.12082060362900279,0.22486398568237723
0.2518668330861178,0.2644155024473091,0.09599348164377822,0.3877241828227949
0.27250255212416025,0.11556442363464657,0.09628175867686634,0.5156512655643269
0.2652557264945574,0.3066863730892905,0.12700882573293928,0.3010490746832128
0.39526136636915155,0.13737111672816088,0.10376215151770461,0.36360536538498306
0.6694519605528002,0.12219903375600147,0.10493079439861339,0.1034182112925848
0.6546017168701974,0.1221775043904648,0.09909826160890688,0.12412251713043086
0.6688056978153811,0.11784627007431728,0.09639430570606698,0.11695372640423456
0.6389723521810335,0.09687114759833834,0.12314593113726743,0.14101056908336057
0.3016522733634234,0.26266287659812754,0.29449164284845386,0.14119320718999523
0.32868290837646547,0.2091951092229148,0.2766050267427109,0.1855169556579089
0.34479947473228856,0.26164930489278637,0.10532250348092523,0.28822871689399976
0.2976008145725727,0.257876042954791,0.2993355822507587,0.14518756022187762
0.3479737203119362,0.1749348136350263,0.31808145026901247,0.159010015784025
0.34092602094519125,0.17609567937633946,0.3554839387716224,0.12749436090684704
0.5641835003611613,0.11579815954210325,0.08356469085747033,0.23645364923926518
0.2813115775606606,0.17188805924589753,0.16332526860307967,0.3834750945903621
0.2763750123769595,0.22340930182458935,0.10799993894515239,0.3922157468532987
0.36709784578486065,0.10348894517401351,0.078703644186425,0.4507095648547008
0.31605079217339893,0.31546855149955766,0.12323209714674375,0.24524855918029964
0.2328722384711259,0.4743291332610744,0.091766286862893,0.2010323414049066
0.261849194055147,0.4240580724906458,0.10032179076004061,0.2137709426941666
0.2967043491232245,0.14656644838382463,0.12055167263029841,0.4361775298626525
0.27557883087726315,0.17576210880087856,0.2584692184947928,0.2901898418270655
0.2942500115985595,0.25143149987575797,0.19233340076188718,0.26198508776379525
0.3697506901971359,0.20272489022525964,0.18896964304752878,0.23855477653007565
0.29843423269999386,0.2236445605487049,0.28980139700672336,0.18811980974457793
0.27102280735285006,0.3313848237008096,0.27802680580673655,0.11956556313960379
0.2880833041544169,0.33545267872766904,0.22292733292911163,0.15353668418880229
0.3440125861958337,0.37841045407387247,0.12329247159891435,0.1542844881313794
0.3089596272107972,0.337194548819416,0.2105062869706986,0.1433395369990883
0.27532047533534526,0.1947922590524231,0.38088701758712784,0.14900024802510373
0.2680212900872068,0.18767471771163707,0.27091500841374944,0.2733889837874067
0.2780510080027227,0.31512559606339846,0.16616204117897004,0.24066135475490863
0.31859593524687535,0.12948727835133156,0.10094693889253711,0.4509698475092559
0.2680950746612645,0.34862406301278054,0.0966554619967836,0.2866254003291715
0.44657410822011845,0.12627062231992955,0.10497206006636406,0.3221832093935879
0.33847298130567577,0.1829282242012962,0.15817545730461668,0.32042333718841143
0.21121145771401123,0.2903150164203918,0.22594219003761926,0.2725313358279777
0.31780351895905934,0.3779708484943751,0.17013501697748717,0.13409061556907828
0.6845703501459434,0.10923825656445002,0.10980798187873775,0.09638341141086891
0.609372251536399,0.14031961518898634,0.1254272498560651,0.1248808834185496
0.5196084036397546,0.16297286748241102,0.1665382781679901,0.15088045070984438
0.6911245968070838,0.10581378593857124,0.08579474001837974,0.11726687723596511
0.27974228954094377,0.2394542572635081,0.10841965642386546,0.3723837967716826
0.4860536491002548,0.12452666709428077,0.09511883849729387,0.2943008453081706
0.43081926880638355,0.165157815197562,0.11674426707049454,0.28727864892555977
0.28342648916561286,0.1709163915988652,0.11524430487206602,0.4304128143634559
0.29462438182420286,0.13916742162818857,0.10409836763426286,0.4621098289133457
0.38572228706223927,0.12929458151577444,0.08335145267866619,0.40163167874332006
0.6395439050689968,0.14100472162906114,0.09903311867262056,0.12041825462932138
0.6040598392220123,0.12013782983878492,0.15696424927123712,0.11883808166796571
0.2652783931575968,0.30120874169527695,0.10240510585491955,0.33110775929220665
0.38934268653976456,0.12977986688173515,0.1100078286463119,0.37086961793218837
0.3670206093887562,0.19236709290587245,0.3001235520658485,0.14048874563952282
0.31537841985474147,0.19757828221609344,0.3537689319097135,0.13327436601945158
0.25491422211540343,0.3303639357292739,0.14112863555784474,0.2735932065974779
0.3845921269218932,0.26742757151556,0.1676821800920009,0.18029812147054577
0.38444838146579124,0.21786202471087032,0.17194752356035864,0.2257420702629797
0.3638321583326552,0.13866482334678576,0.16364074984627805,0.333862268474281
0.2875985648097516,0.33356133046994196,0.1734205536161072,0.2054195511041993
0.30116890766866034,0.3170804537389949,0.1344112872103946,0.2473393513819501
0.27490644458921215,0.25775846315259604,0.30249503194106214,0.1648400603171296
0.3943776710584557,0.15986317614517478,0.2186978922036048,0.22706126059276474
0.3369504808647918,0.1984641195685653,0.2422047140055365,0.22238068556110643
0.3417268773515916,0.21030109909772143,0.27056732098182834,0.1774047025688585
0.2562992961941985,0.4493637685883002,0.12005435619557764,0.17428257902192362
0.4242152739268887,0.17514707574879856,0.1368314425671837,0.26380620775712915
0.6617077671046371,0.11434643442318318,0.10874015728946357,0.11520564118271605
0.5785088058697431,0.13001050765381408,0.10218290731145828,0.18929777916498447
0.3359237586417416,0.16921523809965577,0.125583639256248,0.3692773640023546
0.26885887028925065,0.4108688526223482,0.20235081565154697,0.1179214614368541
0.3971797435834665,0.1864704830611738,0.22810545600937301,0.1882443173459867
0.36807020733479073,0.15103271856276523,0.2716681099554284,0.20922896414701564
0.395892874538131,0.2014219784772164,0.12656848387640462,0.27611666310824806
0.3260077605367696,0.1566482313992243,0.3005570261842163,0.21678698187978981
0.3006322581213268,0.3569313991503651,0.14820980556124091,0.19422653716706714
0.2618680214229142,0.2720527658571268,0.27131640550563546,0.19476280721432362
0.29117083574961933,0.2967946634079559,0.09956943360485626,0.3124650672375686
0.23465539791569628,0.5243672625498078,0.09012787150033347,0.1508494680341624
0.24607072765101534,0.4597584151563947,0.11369572932188408,0.18047512787070574
0.26486340433316596,0.2879366889807947,0.2516411118006268,0.19555879488541247
0.23245016537906749,0.1821022772856712,0.42358781182663685,0.16185974550862445
0.27995974981370236,0.2695122939849124,0.2173142564862312,0.23321369971515404
0.3332063007997362,0.3389754944656897,0.184669633872843,0.1431485708617311
0.4224923798209501,0.2723046205050329,0.1146310803776341,0.190571919296383
0.29296921649562374,0.4293331854108277,0.11011511925687353,0.16758247883667501
0.46889310787326954,0.15612454406374712,0.15147318129053353,0.2235091667724498
0.5908469522860229,0.13360117467004426,0.11572943800454459,0.15982243503938826
0.6400925927511412,0.12744274973294326,0.10856045712831433,0.12390420038760105
0.6668175544272099,0.11407142926476575,0.09372537846922487,0.1253856378387995
0.6181829355592735,0.10825284685896366,0.15029002317948864,0.12327419440227406
0.5939935169426505,0.12220538790473243,0.15119390906463756,0.13260718608797967
0.72174654960527,0.10061439635508129,0.07437840607395196,0.10326064796569674
0.366472391351758,0.1191592664096594,0.08038820953047436,0.4339801327081083
0.3246547332836955,0.15564317005900713,0.18993503797342615,0.3297670586838712
0.29024396427160776,0.2567416036983451,0.11418170863895567,0.33883272339109144
0.48304738515357687,0.2069684118161731,0.12988891393855506,0.1800952890916951
0.5951202879302708,0.1439067119520209,0.10420974517438171,0.15676325494332646
0.2971241061855758,0.18384277749081876,0.17897840587966918,0.3400547104439362
0.32371436174890217,0.31811416998169684,0.13613922768318362,0.22203224058621734
0.33442521962252425,0.2334528851282917,0.17435793915726272,0.2577639560919213
0.28104149394759664,0.31862143717719577,0.10135737218452963,0.2989796966906779
0.5228851278786957,0.13874008833045218,0.12138555852504683,0.21698922526580547
0.6935740337269557,0.1032579707174138,0.09037379809308446,0.11279419746254599
0.5980195073492283,0.14518018406415412,0.11654471605737105,0.1402555925292466
0.4619394463356743,0.16747526253690465,0.16155283814804777,0.20903245297937312
0.45090545865495835,0.13467056083128037,0.19034266349725806,0.22408131701650322
0.6550893851027365,0.12376342907183734,0.09574444029315342,0.1254027455322727
0.33144971760040665,0.3322342584397691,0.09760525164858794,0.23871077231123625
0.33101413619321274,0.19167876832489525,0.2461763181723851,0.2311307773095069
0.2941967596666585,0.25991448502548986,0.13801992856112386,0.3078688267467278
0.3220225483012703,0.2219695863569662,0.24707615751422482,0.20893170782753867
0.3223902910469343,0.13886189726174192,0.11306689319577774,0.42568091849554607
0.3349771784922443,0.2750468112159833,0.11540291952482301,0.27457309076694947
0.43007810284256615,0.19607460774959765,0.19257852634241224,0.18126876306542392
0.3759601142237978,0.16724891237539152,0.23488647283722758,0.22190450056358302
0.6188057458062848,0.12156233083589965,0.1398443086350063,0.11978761472280922
0.5003769137795272,0.12987216688933145,0.12023207772801742,0.249518841603124
0.6543064971944124,0.11963742095767162,0.10342352215408894,0.12263255969382715
0.6498245566379177,0.11811313158831194,0.09897347794215693,0.1330888338316135
0.6370738521173259,0.12256723069886814,0.09573532353951644,0.14462359364428942
0.38317768039190936,0.12734389744985702,0.08066378636465922,0.4088146357935745
0.611687886402962,0.1318816542517356,0.0961914668308493,0.1602389925144531
0.47999539775943423,0.1750688551755124,0.13377447224660902,0.2111612748184443
0.36521930752561726,0.21313124607320766,0.12329718693488773,0.29835225946628735
0.34709486470025924,0.23010427040374024,0.1028027092352042,0.3199981556607963
0.5319429134967486,0.15525416302915085,0.13226975089633405,0.1805331725777663
0.4667186249209836,0.12105107872112907,0.08761193932376378,0.3246183570341236
0.2938741098331876,0.34007813767324063,0.12777822267848188,0.2382695298150899
0.2478672139955393,0.259762145830229,0.14707855940508488,0.34529208076914686
0.348986813339206,0.1229340407906827,0.13977228272678094,0.38830686314333046
0.444859662590232,0.1826281197183073,0.11664037997357797,0.25587183771788263
0.444537186009394,0.16114575699549175,0.14845563647900017,0.24586142051611404
0.43497040270340154,0.1540990326429218,0.10765212865489582,0.30327843599878074
0.2995719522468947,0.2498802608526441,0.1258123706876343,0.3247354162128269
0.37308445732447904,0.2469726852602117,0.12565382151071638,0.2542890359045929
0.2960971623468609,0.2099522701417468,0.13614821680213718,0.3578023507092551
0.2694025751673312,0.43567551816504774,0.16438166794488565,0.13054023872273535
0.35704649773950975,0.2411841748749409,0.25515478253831075,0.14661454484723854
0.2793767426871731,0.3138574899286106,0.20546020358402575,0.2013055638001906
0.34487509495914803,0.328173046398348,0.1262714961838827,0.20068036245862134
0.3256670563636106,0.3702543363803849,0.1336606577693052,0.17041794948669928
0.38051461684779914,0.19517030495445983,0.23969278669883998,0.18462229149890097
