GC,PGC,OSNs,M/TC
0.529303008073215,0.1390743232868631,0.05453803019200952,0.2770846384479126
0.14353963902231778,0.18467061142827493,0.07883300831197612,0.5929567412374311
0.16332012084163633,0.12244519579213893,0.17267188065326516,0.5415628027129595
0.1566877966337883,0.08416277866438043,0.22229399175820058,0.5368554329436307
0.21115721209491978,0.08449231698757481,0.06353163634116533,0.6408188345763401
0.2177035876385342,0.1351812079080786,0.04993947928300724,0.59717572517038
0.2839099548514239,0.06977273994636084,0.04580707290903193,0.6005102322931833
0.5645403620507967,0.1259237270607027,0.05617847855112926,0.2533574323373714
0.1348714986056694,0.08373171517072435,0.07647169076294395,0.7049250954606624
0.0957272800787649,0.18644307864236387,0.1575921760632714,0.5602374652155998
0.08539009508871835,0.15948578264107108,0.31071252459160303,0.44441159767860766
0.09204834199257039,0.16795455884594762,0.25804776090125725,0.4819493382602248
0.2198568740582836,0.10846934416987608,0.26029058977469904,0.41138319199714124
0.15287123348895718,0.11984835763163589,0.1425016721983325,0.5847787366810745
0.1933313823318387,0.2656469125063608,0.16358053136879924,0.37744117379300124
0.15520589857793773,0.1342893442209737,0.06092391705628789,0.6495808401448007
0.2802800983207969,0.11635731933627916,0.07463052758964331,0.5287320547532806
0.49980818486092865,0.16461046569082005,0.07095877027174113,0.26462257917651016
0.5035361555292581,0.09391647752449456,0.1037895836749213,0.29875778327132607
0.4395028153385778,0.13143041863185465,0.08930911553442472,0.3397576504951427
0.5077057039212302,0.13318959543189296,0.09825516149826813,0.26084953914860876
0.5002430581214099,0.11735657280985085,0.06894618552102247,0.31345418354771676
0.5296380433379358,0.13738093688567996,0.10173237834575066,0.2312486414306335
0.5554122466218137,0.09949387043866229,0.050685581517988194,0.2944083014215358
0.45174641885406125,0.13433772426709786,0.06792364485110301,0.3459922120277378
0.1622560468818366,0.09059761307538797,0.051876799207905264,0.6952695408348701
0.29173719348452143,0.09122132796701862,0.05188246903264713,0.5651590095158128
0.41752092297960425,0.07574491031717746,0.09446074531326219,0.4122734213899562
0.28053222241826464,0.0840890999764803,0.04642005376431151,0.5889586238409434
0.4495854113778908,0.10735979540796993,0.06212123261739658,0.38093356059674266
0.22256036646311905,0.1072633670333776,0.09698887982351001,0.5731873866799934
0.5841444194949896,0.11423445041813987,0.07381410971087828,0.22780702037599213
0.5190018836671142,0.13648792878287588,0.12017103205350636,0.22433915549650355
0.5362812500204373,0.05664129096816818,0.059102889970062654,0.34797456904133195
0.3988784427482894,0.10140987962624746,0.0530984286262132,0.4466132489992499
0.5177204111751363,0.11461831465346824,0.05669177331008469,0.3109695008613107
0.3908229500523766,0.16321929347108557,0.10992641632973586,0.336031340146802
0.45920926409081797,0.1250840133242549,0.11822742645191402,0.29747929613301294
0.43638393753260296,0.09041947450618296,0.07311760879595507,0.40007897916525903
0.12208209969268183,0.14694330534765285,0.04133521755460998,0.6896393774050553
0.1389189792318181,0.3107231216444205,0.05499831562121067,0.49535958350255066
0.22564470230297515,0.13402968294917084,0.06704409526154588,0.5732815194863081
0.18564274208407666,0.23933943011436573,0.09735804257132483,0.4776597852302328
0.17019959274659913,0.1840428313334747,0.13003805179440164,0.5157195241255246
0.11192602141921998,0.2709409600360867,0.054437408308848266,0.5626956102358449
0.16496687658028297,0.16279776544113894,0.12848224983995424,0.543753108138624
0.24181064541567507,0.16913594807736645,0.10771749273438233,0.4813359137725761
0.22613417592855703,0.11647801621817887,0.16239284170299112,0.4949949661502731
0.22333186129367744,0.15897077707466223,0.10656065944120736,0.5111367021904529
0.2343769749512654,0.1389896541467198,0.11110950336699205,0.5155238675350229
0.24478839567332772,0.1429146125614986,0.11504627558588376,0.49725071617929
0.14452120025740747,0.21145163917112206,0.08239125150959767,0.5616359090618729
0.16846652573750673,0.22986457323464965,0.06447953047206606,0.5371893705557776
0.18036568458453153,0.09422419824125526,0.04814097694597269,0.6772691402282406
0.11106882189586148,0.26956547008936604,0.071452411899583,0.5479132961151895
0.4866378910390889,0.14462838378756387,0.06082916498923601,0.30790456018411116
0.18786196432194285,0.13302841690131215,0.07913395521651183,0.5999756635602331
0.2244489148992104,0.17717973263863065,0.060727026543501185,0.5376443259186577
0.2671117004068262,0.10269440033724363,0.0865458990335787,0.5436480002223514
0.16414632682080685,0.06506807455063497,0.05352781923069551,0.7172577793978626
0.5074222319738907,0.10148005564525432,0.10885516454132864,0.28224254783952635
0.5133811744138563,0.11461333691103615,0.06848738539336657,0.3035181032817409
0.21165247205975288,0.0703807229014753,0.04699985998839446,0.6709669450503772
0.18712649726126923,0.2049511958495749,0.04838544156986251,0.5595368653192934
0.15404225299272367,0.22289484930061104,0.05779988178149502,0.5652630159251703
0.26836937729653293,0.10433195795974971,0.056649389055678186,0.5706492756880392
0.2016740170401303,0.10284272566174354,0.06448807841733198,0.6309951788807941
0.23087691141339053,0.23262736561280442,0.061399791062440354,0.4750959319113648
0.1376879465029108,0.18552998548355934,0.055812775199461206,0.6209692928140687
0.5321209254346703,0.10256860079985458,0.06818827680466895,0.29712219696080616
0.14965831956840378,0.13605719564374483,0.05916887586574788,0.6551156089221035
0.5854938990627598,0.08648321169952014,0.06569965355709864,0.26232323568062144
0.5309179778080118,0.10058231023822176,0.09684858319377325,0.2716511287599932
0.4685009432192439,0.11417532058780877,0.09800028736477617,0.3193234488281712
0.49022574536627783,0.08067137033536873,0.10595525078718576,0.32314763351116765
0.5241380673946833,0.10358733979427878,0.07434706420060441,0.2979275286104336
0.45730783450113854,0.11244891399536033,0.08922288570485497,0.34102036579864614
0.2757537672337797,0.12526229488303858,0.18535184390814974,0.4136320939750319
0.47083414325110556,0.08873228379747895,0.12341550780448628,0.3170180651469294
0.400471979938642,0.1741089758504905,0.06166770760418416,0.3637513366066834
0.5522418600154942,0.11363415695800563,0.09697928613402682,0.23714469689247344
0.3481713572973135,0.1261038225232708,0.16118979092124713,0.3645350292581686
0.42548486272123937,0.07941021668679403,0.07139987888068663,0.42370504171127993
0.19249634871800447,0.11395696920155131,0.29077275476886993,0.40277392731157424
0.12508180919166886,0.1149851322379958,0.4046955650615165,0.35523749350881895
0.14961481793691628,0.13083327211707588,0.21097106319263703,0.5085808467533708
0.12649842302776204,0.1801030754273561,0.23483788392578367,0.45856061761909817
0.12495745148202818,0.21426905033791163,0.14793165516041545,0.5128418430196447
0.13775758087931578,0.3712704331333078,0.19796613934227977,0.29300584664509655
0.11530993765320151,0.20176615104897141,0.23476123673239266,0.4481626745654344
0.20391171613753986,0.13380555039743242,0.24170809252320655,0.42057464094182123
0.07824987312369001,0.13493749159716595,0.3204432366074334,0.46636939867171057
0.20066337455998112,0.12911993950853487,0.2526322750380197,0.4175844108934642
0.09416610943814754,0.13092181938044906,0.40973722954829905,0.36517484163310426
0.10984930710249306,0.08255451904601661,0.14138153758792965,0.6662146362635607
0.1452230005694756,0.10431344593576626,0.09054507802168527,0.6599184754730728
0.10771335059132495,0.20088714982967384,0.10086769428003192,0.5905318052989694
0.10196575524768597,0.30015789078124233,0.08252658413875046,0.5153497698323213
0.1746988705470916,0.1480248107785856,0.13718698338555943,0.5400893352887635
0.15538690070944303,0.32260291016465936,0.07895617458964622,0.4430540145362515
0.18772989551576053,0.06775671468201926,0.04819746440377093,0.6963159253984493
0.5299688041435932,0.10134920086241367,0.08254402963695165,0.28613796535704145
0.17407355429530066,0.10472003398054205,0.15396837592030072,0.5672380358038566
0.2289052772968332,0.08480874132407931,0.04533795253347696,0.6409480288456105
0.10218696677081837,0.29735788237414806,0.10394375921493117,0.49651139164010233
0.08138006716581273,0.21489433790628015,0.10771895751720759,0.5960066374106996
0.0866415623262481,0.22148683427443785,0.14221702759577878,0.5496545758035353
0.12962903684437008,0.3020126148223865,0.10721446226096717,0.46114388607227624
0.0853901830446366,0.08185978241859133,0.07148944233528771,0.7612605922014842
0.1072755347032526,0.11143241534148413,0.10325074725633142,0.6780413026989318
0.13685282562474305,0.0823275761830747,0.08719420646470222,0.6936253917274801
0.2050602696017184,0.07219873480395692,0.05060827708936758,0.6721327185049571
0.5634095645504401,0.09481739821904273,0.06995260582584938,0.2718204314046678
0.5207205972257009,0.1544991384329449,0.07422614958973527,0.2505541147516188
0.484916446128815,0.10302308435801191,0.07821045221280196,0.3338500173003711
0.4868833750975342,0.10792114002605856,0.07319124138636231,0.3320042434900449
0.49819439757835476,0.11437595788663779,0.07341949253522205,0.31401015199978544
0.47965632688225607,0.12232416567813978,0.04999144027527536,0.3480280671643287
0.19705330457608963,0.15972139807793592,0.08136531763693679,0.5618599797090377
0.1507351615471793,0.108706728332496,0.05998227890208277,0.680575831218242
0.12773864860532147,0.30826856170572353,0.1014317971122325,0.46256099257672245
0.1305719501932158,0.24844009561157404,0.08110950509086347,0.5398784491043466
0.16722228338798373,0.2576863486394698,0.0797826682125393,0.4953086997600072
0.4135123612048797,0.14032162398556267,0.09487685222227578,0.3512891625872819
0.3713906597676985,0.10281105780777926,0.09497445443055837,0.43082382799396385
0.47178224477314495,0.1497207266565018,0.07313524925187488,0.3053617793184784
0.48322011421268035,0.13473581559255018,0.05997233429821335,0.32207173589655613
0.5304882778212561,0.0956848264605883,0.06676924812550103,0.30705764759265447
0.46855101889661466,0.1408595710968051,0.07876822493273454,0.31182118507384565
0.335088284186289,0.08119513298988199,0.05145531468421698,0.5322612681396119
0.2063811932779515,0.12847804394789492,0.06582766385774712,0.5993130989164064
0.1541533910968297,0.17156856472201892,0.05494645105873888,0.6193315931224125
0.3207613173746206,0.10006848624950025,0.045956088480534146,0.5332141078953451
0.2358542824625517,0.06470260669623568,0.055182062239478136,0.6442610486017346
0.21918865654190905,0.20770620738698922,0.05030182595993852,0.5228033101111632
0.11656064402867831,0.1879322339628089,0.04233552777517888,0.6531715942333339
0.11726313083721722,0.06668464696628275,0.04956456588313212,0.7664876563133679
0.15389948440340848,0.1946765058360412,0.05009049195484497,0.6013335178057054
0.19667407074647525,0.09907481731144684,0.06382844878596655,0.6404226631561113
0.5027083830678168,0.12045770299791701,0.0973908919002241,0.27944302203404203
0.4981645680697575,0.13248865813250882,0.07534365079390136,0.29400312300383225
0.5595274612282516,0.122763862711652,0.07804141072472043,0.23966726533537616
0.5382317582912413,0.08376777650986117,0.10811428285674389,0.2698861823421536
0.17851601390650415,0.18906494720631198,0.19803585391710893,0.434383184970075
0.193809537841462,0.17153729795444883,0.1654052616941671,0.4692479025099222
0.18627396884605474,0.18416666946826896,0.0679352026393257,0.5616241590463507
0.1649522760528399,0.10812875435239,0.24280676946011964,0.4841122001346504
0.16130666852526535,0.10369071044862713,0.26554161642868696,0.4694610045974207
0.20094140403112312,0.13121642104179643,0.28181340164643764,0.3860287732806427
0.326564340581437,0.08963032580243194,0.046747623811056155,0.5370577098050748
0.1421858826002046,0.10853707496752574,0.07325750613459621,0.6760195362976734
0.13814719554931942,0.15326067613152533,0.04503311209585187,0.6635590162233034
0.18804837651367864,0.08031962711595382,0.047880427364356756,0.6837515690060109
0.19251225362966407,0.2047739344655724,0.08000874122388744,0.522705070680876
0.138695505954375,0.29956119456701763,0.05576742976468413,0.5059758697139233
0.14238446515849643,0.2743473548983119,0.04927221794386148,0.5339959619993301
0.13539123672626693,0.07361392000379618,0.05518358421826131,0.7358112590516757
0.15613452253543492,0.11606946591031347,0.1111334156426334,0.6166625959116183
0.13727187216544484,0.16161399244025215,0.19110708370979484,0.5100070516845081
0.2075238878529601,0.12521441427906488,0.1408312925465092,0.5264304053214658
0.1475072436715135,0.1905594697079439,0.18550718472386393,0.4764261018966786
0.13584178024868418,0.2730132764379921,0.20923344020804835,0.38191150310527533
0.180368187977709,0.25115931212046627,0.12725850630896648,0.44121399359285823
0.1642019206068995,0.2724739076708996,0.10327261514174471,0.4600515565804562
0.18742014509610333,0.1883960391329263,0.18056221840327247,0.44362159736769785
0.1559078638632065,0.15983469433671535,0.21006009178530868,0.47419735001476937
0.11992598127589234,0.08670455815445138,0.14369515941740701,0.6496743011522493
0.09684647033270616,0.23858940003758128,0.07941014438864966,0.5851539852410629
0.16650063177164157,0.07978813248908223,0.052118096837106054,0.7015931389021701
0.0996167402595085,0.27102582894885896,0.04793053881119996,0.5814268919804325
0.22781109367306923,0.07444127369174135,0.045442443104140716,0.6523051895310488
0.17339033197381687,0.11984167722606998,0.05967757169377214,0.647090419106341
0.10173296121821972,0.21654312516354474,0.1276821261051085,0.554041787513127
0.17695984738381984,0.27992699541786875,0.1593257072995719,0.38378744989873953
0.5347051081958016,0.11871011066064281,0.10106270102179182,0.2455220801217638
0.4472094162080387,0.1482425633152449,0.12503148365576952,0.27951653682094674
0.3452201730270344,0.16056177396575153,0.14826832832441164,0.34594972468280233
0.5092034874385024,0.12413787611894131,0.06527270067918872,0.30138593576336753
0.14465848814684826,0.16069765665841745,0.058135939025607895,0.6365079161691263
0.28449653257389634,0.0910877984648377,0.05688128862048756,0.5675343803407784
0.20440024938457618,0.08569000337061652,0.059585145698956926,0.6503246015458505
0.1509456474566644,0.1095980976901578,0.043276554384823814,0.6961797004683539
0.14114524968131026,0.07224654157509863,0.04206642967464637,0.7445417790689447
0.23886552584301302,0.08554708954627559,0.040130106771049355,0.635457277839662
0.4546345059816409,0.17129902091544388,0.09054372058900352,0.2835227525139118
0.5725750318808912,0.09030879316306238,0.10292544442035727,0.23419073053568903
0.08944151721380236,0.2148707246205451,0.04808437939892429,0.6476033787667284
0.22140600391700277,0.07367271534705405,0.050317529572555,0.6546037511633883
0.24660216242110483,0.11477482537652306,0.2501817864451614,0.3884412257572107
0.1477396007605329,0.19743740727797648,0.2897053857708497,0.3651176061906409
0.11504943071646705,0.20291274845882848,0.06797032850608438,0.61406749231862
0.18316055028565903,0.19561205767039852,0.11087864288014324,0.5103487491637992
0.19498435801640607,0.13948320817117074,0.10461588861235346,0.5609165452000697
0.21089732041753478,0.0848837276807133,0.08327328811910592,0.6209456637826459
0.13086094421284247,0.2039809513602114,0.12410290145377564,0.5410552029731704
0.1442645200892262,0.13873002823443506,0.05794791758339501,0.6590575340929438
0.09413125960856765,0.1575630619264768,0.24496735785607565,0.50333832060888
0.259055620284667,0.12539237799651776,0.132937753798734,0.4826142479200812
0.1732924184849232,0.13250041248632727,0.18578346738551532,0.5084237016432342
0.1958608269476196,0.1221534193059705,0.20751896207475679,0.4744667916716531
0.13838236174545593,0.34049619428211514,0.07649537196131619,0.44462607201111265
0.20363100590291056,0.17184447895869526,0.06935534304308903,0.555169172095305
0.5623371651884161,0.12392764590480171,0.06290363781017881,0.2508315510966034
0.3492353649395822,0.10668233876609667,0.04978846915750659,0.4942938271368146
0.13375826936125032,0.10145296258879027,0.0754177903532604,0.689370977696699
0.10336594137322959,0.3336767532840372,0.13633626138192936,0.4266210439608038
0.24630412062483675,0.10910541616084136,0.14567408157699993,0.49891638163732194
0.250334922175766,0.10500808807696162,0.18303837074162024,0.46161861900565215
0.2653046625289247,0.12424991049386278,0.07301519812819493,0.5374302288490177
0.20317985797282034,0.12953118171702202,0.10674885471964374,0.5605401055905138
0.204464606151398,0.2659951351889674,0.0764435519848573,0.45309670667477714
0.09146011653987547,0.1320528913365673,0.11444716051590757,0.6620398316076496
0.13623177181384852,0.23187874815145082,0.04930427323841453,0.5825852067962861
0.1107566582419274,0.33733029193097264,0.052936455292615106,0.49897659453448484
0.122939603578137,0.3054958805536564,0.0719055945928821,0.4996589212753245
0.14731424023708273,0.17109383449361837,0.14344198168684885,0.53814994358245
0.11255820767805631,0.16233755837854247,0.25732383506911966,0.4677803988742816
0.13971261432584461,0.15682098059210128,0.09305824827683051,0.6104081568052236
0.18261073916531573,0.2330066806124142,0.08868556881266795,0.4956970114096022
0.224726122680293,0.22170550659091898,0.0799748958935251,0.473593474835263
0.1447942731829105,0.31482409941031303,0.06318966609940485,0.4771919613073716
0.28829684869278,0.1169592911540451,0.06585699251625847,0.5288868676369164
0.4783539400764614,0.13098858299436456,0.07807698591099585,0.3125804910181782
0.44158763190179945,0.13995764236527575,0.08100960357007855,0.33744512216284617
0.549497274469421,0.13150579722574168,0.06265253324098992,0.2563443950638475
0.514834186616428,0.09519721356308387,0.0880590724163436,0.3019095274041445
0.48552428518504587,0.10463176877859341,0.12228065498733633,0.28756329104902445
0.579936602741274,0.12512415170911337,0.061535377568169174,0.23340386798144336
0.20533125083346856,0.07347471662822529,0.041070299813487796,0.6801237327248184
0.14686999448765256,0.09276930089284145,0.10772460679868814,0.6526360978208178
0.15492790764856368,0.20201825340831128,0.045582785781134484,0.5974710531619906
0.2867986954088845,0.1495700858312004,0.08120739877811534,0.48242381998179984
0.4127065501195138,0.13205317768949978,0.05793825276339259,0.3973020194275937
0.13775296332094056,0.11171481218998985,0.07694516782239437,0.6735870566666753
0.12738678736816517,0.23808268916793474,0.08703606583879828,0.547494457625102
0.1701440039376672,0.18496997068179832,0.14041786712348633,0.5044681582570482
0.13320848217465917,0.21709023157491664,0.05271359991423143,0.5969876863361927
0.37306636171843416,0.0965463327035837,0.062248821193398814,0.46813848438458333
0.4970150913822234,0.1324917964329289,0.0641976252531533,0.3062954869316945
0.44916896571359044,0.12648471721522156,0.09348722717607848,0.3308590898951095
0.2877011051688791,0.14681432060488767,0.07518475197946976,0.49029982224676355
0.32067812727749967,0.09090842084580057,0.07289624128769759,0.5155172105890021
0.5036176748582614,0.13776386922826003,0.06848887297834576,0.2901295829351328
0.21910898909049623,0.19609012108828888,0.04441399374869179,0.5403868960725231
0.2408902250048576,0.229061272753508,0.08404066445164514,0.4460078377899894
0.1881583139341267,0.1373147384875625,0.04968061395909396,0.6248463336192169
0.19295875509529076,0.1826741154175034,0.0815876665174846,0.5427794629697211
0.12428572224974158,0.07554381441615456,0.05641962350045703,0.7437508398336468
0.17203529379584706,0.2102005177130594,0.04738743474073861,0.570376753750355
0.22349589748527365,0.20352460038440276,0.08830345784128081,0.4846760442890427
0.133695878195518,0.10115574199218867,0.12407319422815136,0.641075185584142
0.4672044196309093,0.11113796004318202,0.10151717518797354,0.32014044513793516
0.3248413878926528,0.0852607397297627,0.04363195624448836,0.5462659161330962
0.504201695221137,0.11179804754419918,0.0754424284292951,0.3085578288053688
0.44749870510713774,0.11521139975017515,0.04658521236959222,0.3907046827730948
0.4416283918068229,0.13686029790316437,0.06466471612780221,0.35684659416221054
0.212332420079813,0.07401408185950901,0.040772925258376766,0.6728805728023012
0.43805218769969817,0.12227861992145216,0.060611412742122436,0.3790577796367273
0.2866281331956873,0.16357490000195118,0.06785599891706794,0.48194096788529345
0.20887542135109594,0.12037205677771624,0.051582354505510006,0.6191701673656778
0.18193640629889332,0.16518418534487966,0.038996513491301565,0.6138828948649255
0.3798407120606955,0.09945649616324291,0.06992720449181954,0.4507755872842422
0.2747498411581383,0.07803563971535002,0.046314542167537345,0.6008999769589745
0.1515953260211821,0.23469376955892912,0.051861070308237674,0.5618498341116511
0.06709111448308273,0.11601238479476671,0.07236068663697232,0.7445358140851782
0.18371724784587093,0.09432072971988198,0.0684198651289472,0.6535421573053
0.2699617254440067,0.14415975189288374,0.07007705317888246,0.5158014694842271
0.24759248329911465,0.1196384062233423,0.052567377769664775,0.5802017327078783
0.2831569800065872,0.11802006864168084,0.05036200909997203,0.5484609422517599
0.14638875416724056,0.17572377157060876,0.05951546213231124,0.6183720121298394
0.2890911127569336,0.16422250896084037,0.0569093686218286,0.4897770096603975
0.20930468466378963,0.11248077089711132,0.07579353214838493,0.6024210122907141
0.16025800732738887,0.31662971584673366,0.09797294959066595,0.42513932723521153
0.18758015575302606,0.24339098269782158,0.16340107066550588,0.40562779088364637
0.12014127934892999,0.34268401011784405,0.10306435477886722,0.4341103557543587
0.23529433835437716,0.22789949136819898,0.07523831509873527,0.4615678551786886
0.1376746426971495,0.30559563369791615,0.078213452843468,0.4785162707614663
0.23320283190335317,0.14291617045918942,0.1468191424174818,0.47706185521997563
